#Type=Line
#Heading=Link_5_Throughput
#XLabel=Time (ms)
#Num_Y=1
#YLabel=Throughput (Mbps)
0,0,
20.042400,0.027941,
20.053000,0.055852,
20.125920,0.081884,
20.599360,0.672642,
20.609640,0.697926,
40.508320,0.656458,
40.518600,0.669322,
60.508320,0.649960,
60.518600,0.658574,
80.508320,0.646691,
80.518600,0.653166,
100.508320,0.644723,
100.518600,0.649910,
120.508320,0.643408,
120.518600,0.647734,
621.061418,0.145351,
621.071698,0.146199,
621.610858,0.165711,
621.621138,0.166558,
621.733898,0.186163,
621.744178,0.187009,
622.160298,0.206506,
622.170578,0.207351,
622.283338,0.226932,
622.293618,0.227777,
622.406378,0.247350,
622.416658,0.248194,
622.529418,0.267759,
622.539698,0.268603,
622.709738,0.288134,
622.720018,0.288977,
622.832778,0.308526,
622.843058,0.309368,
622.955818,0.328909,
622.966098,0.329751,
623.078858,0.349285,
623.089138,0.350126,
623.259178,0.369618,
623.269458,0.370459,
623.382218,0.389976,
623.392498,0.390816,
623.505258,0.410325,
623.515538,0.411165,
623.628298,0.430667,
623.638578,0.431506,
623.751338,0.451000,
623.761618,0.451839,
623.874378,0.471326,
623.884658,0.472164,
623.997418,0.491643,
624.007698,0.492481,
624.120458,0.511952,
624.130738,0.512790,
624.243498,0.532254,
624.253778,0.533091,
624.366538,0.552547,
624.376818,0.553384,
624.489578,0.572833,
624.499858,0.573669,
624.612618,0.593110,
624.622898,0.593946,
624.735658,0.613379,
624.745938,0.614214,
624.858698,0.633641,
624.868978,0.634475,
624.981738,0.653894,
624.992018,0.654728,
640.508320,0.657927,
640.518600,0.658741,
660.508320,0.657288,
660.518600,0.658077,
680.508320,0.656686,
680.518600,0.657452,
700.508320,0.656118,
700.518600,0.656862,
720.508320,0.655582,
720.518600,0.656305,
740.508320,0.655074,
740.518600,0.655778,
760.508320,0.654594,
760.518600,0.655279,
780.508320,0.654138,
780.518600,0.654806,
800.508320,0.653705,
800.518600,0.654356,
820.508320,0.653293,
820.518600,0.653928,
840.508320,0.652900,
840.518600,0.653520,
860.508320,0.652526,
860.518600,0.653132,
880.508320,0.652169,
880.518600,0.652761,
900.508320,0.651827,
900.518600,0.652406,
920.508320,0.651501,
920.518600,0.652067,
940.508320,0.651188,
940.518600,0.651743,
960.508320,0.650889,
960.518600,0.651431,
980.508320,0.650601,
980.518600,0.651133,
1000.508320,0.650325,
1000.518600,0.650846,
1020.508320,0.650060,
1020.518600,0.650571,
1040.508320,0.649805,
1040.518600,0.650306,
1060.508320,0.649560,
1060.518600,0.650052,
1080.508320,0.649324,
1080.518600,0.649806,
1100.508320,0.649096,
1100.518600,0.649570,
1120.508320,0.648877,
1120.518600,0.649342,
1140.508320,0.648665,
1140.518600,0.649122,
1160.508320,0.648461,
1160.518600,0.648910,
1180.508320,0.648263,
1180.518600,0.648705,
1200.508320,0.648072,
1200.518600,0.648506,
1220.508320,0.647887,
1220.518600,0.648315,
1240.508320,0.647709,
1240.518600,0.648129,
1260.508320,0.647536,
1260.518600,0.647949,
1280.508320,0.647368,
1280.518600,0.647775,
1300.508320,0.647205,
1300.518600,0.647606,
1320.508320,0.647048,
1320.518600,0.647443,
1340.508320,0.646895,
1340.518600,0.647284,
1360.508320,0.646747,
1360.518600,0.647130,
1380.508320,0.646602,
1380.518600,0.646980,
1400.508320,0.646462,
1400.518600,0.646835,
1420.508320,0.646326,
1420.518600,0.646693,
1440.508320,0.646194,
1440.518600,0.646556,
1460.508320,0.646065,
1460.518600,0.646422,
1480.508320,0.645940,
1480.518600,0.646292,
1500.508320,0.645818,
1500.518600,0.646166,
1520.508320,0.645700,
1520.518600,0.646043,
1540.508320,0.645584,
1540.518600,0.645923,
1560.508320,0.645472,
1560.518600,0.645806,
1580.508320,0.645362,
1580.518600,0.645692,
1600.508320,0.645255,
1600.518600,0.645581,
1620.508320,0.645151,
1620.518600,0.645472,
1640.508320,0.645049,
1640.518600,0.645367,
1660.508320,0.644949,
1660.518600,0.645263,
1680.508320,0.644853,
1680.518600,0.645163,
1700.508320,0.644758,
1700.518600,0.645064,
1720.508320,0.644665,
1720.518600,0.644968,
1740.508320,0.644575,
1740.518600,0.644874,
1760.508320,0.644487,
1760.518600,0.644783,
1780.508320,0.644400,
1780.518600,0.644693,
1800.508320,0.644316,
1800.518600,0.644605,
1820.508320,0.644233,
1820.518600,0.644520,
1840.508320,0.644152,
1840.518600,0.644436,
1860.508320,0.644073,
1860.518600,0.644354,
1880.508320,0.643996,
1880.518600,0.644273,
1900.508320,0.643920,
1900.518600,0.644195,
1920.508320,0.643846,
1920.518600,0.644118,
1940.508320,0.643774,
1940.518600,0.644042,
1960.508320,0.643702,
1960.518600,0.643968,
1980.508320,0.643633,
1980.518600,0.643896,
2000.508320,0.643564,
2000.518600,0.643825,
2020.508320,0.643497,
2020.518600,0.643756,
2040.508320,0.643432,
2040.518600,0.643687,
2060.508320,0.643367,
2060.518600,0.643620,
2080.508320,0.643304,
2080.518600,0.643555,
2100.508320,0.643242,
2100.518600,0.643491,
2120.508320,0.643182,
2120.518600,0.643428,
2140.508320,0.643122,
2140.518600,0.643366,
2160.508320,0.643063,
2160.518600,0.643305,
2180.508320,0.643006,
2180.518600,0.643245,
2200.508320,0.642950,
2200.518600,0.643187,
2220.508320,0.642894,
2220.518600,0.643129,
2240.508320,0.642840,
2240.518600,0.643073,
2260.508320,0.642786,
2260.518600,0.643017,
2280.508320,0.642734,
2280.518600,0.642963,
2300.508320,0.642682,
2300.518600,0.642909,
2320.508320,0.642632,
2320.518600,0.642856,
2340.508320,0.642582,
2340.518600,0.642805,
2360.508320,0.642533,
2360.518600,0.642754,
2380.508320,0.642485,
2380.518600,0.642704,
2400.508320,0.642437,
2400.518600,0.642654,
2420.508320,0.642391,
2420.518600,0.642606,
2440.508320,0.642345,
2440.518600,0.642559,
2460.508320,0.642300,
2460.518600,0.642512,
2480.508320,0.642255,
2480.518600,0.642466,
2500.508320,0.642212,
2500.518600,0.642420,
2520.508320,0.642169,
2520.518600,0.642376,
2540.508320,0.642127,
2540.518600,0.642332,
2560.508320,0.642085,
2560.518600,0.642289,
2580.508320,0.642044,
2580.518600,0.642246,
2600.508320,0.642004,
2600.518600,0.642204,
2620.508320,0.641964,
2620.518600,0.642163,
2640.508320,0.641925,
2640.518600,0.642122,
2660.508320,0.641886,
2660.518600,0.642082,
2680.508320,0.641848,
2680.518600,0.642043,
2700.508320,0.641811,
2700.518600,0.642004,
3221.057760,0.542043,
3221.068040,0.542205,
3221.607200,0.545904,
3221.617480,0.546066,
3221.730240,0.549836,
3221.740520,0.549998,
3222.156640,0.553716,
3222.166920,0.553878,
3222.279680,0.557647,
3222.289960,0.557810,
3222.402720,0.561578,
3222.413000,0.561741,
3222.525760,0.565509,
3222.536040,0.565671,
3222.706080,0.569430,
3222.716360,0.569592,
3222.829120,0.573360,
3222.839400,0.573522,
3222.952160,0.577289,
3222.962440,0.577451,
3223.075200,0.581219,
3223.085480,0.581381,
3223.255520,0.585138,
3223.265800,0.585300,
3223.378560,0.589066,
3223.388840,0.589228,
3223.501600,0.592995,
3223.511880,0.593157,
3223.624640,0.596923,
3223.634920,0.597085,
3223.747680,0.600851,
3223.757960,0.601013,
3223.870720,0.604779,
3223.881000,0.604940,
3223.993760,0.608706,
3224.004040,0.608868,
3224.116800,0.612633,
3224.127080,0.612795,
3224.239840,0.616560,
3224.250120,0.616721,
3224.362880,0.620486,
3224.373160,0.620648,
3224.485920,0.624412,
3224.496200,0.624574,
3224.608960,0.628338,
3224.619240,0.628500,
3224.732000,0.632263,
3224.742280,0.632425,
3224.855040,0.636189,
3224.865320,0.636350,
3224.978080,0.640113,
3224.988360,0.640275,
3240.508320,0.640976,
3240.518600,0.641137,
3260.508320,0.640950,
3260.518600,0.641110,
3280.508320,0.640925,
3280.518600,0.641084,
3300.508320,0.640900,
3300.518600,0.641058,
3320.508320,0.640875,
3320.518600,0.641032,
3340.508320,0.640851,
3340.518600,0.641007,
3360.508320,0.640827,
3360.518600,0.640982,
3380.508320,0.640803,
3380.518600,0.640957,
3400.508320,0.640779,
3400.518600,0.640933,
3420.508320,0.640756,
3420.518600,0.640909,
3440.508320,0.640733,
3440.518600,0.640885,
3460.508320,0.640710,
3460.518600,0.640861,
3480.508320,0.640688,
3480.518600,0.640838,
3500.508320,0.640666,
3500.518600,0.640815,
3520.508320,0.640644,
3520.518600,0.640792,
3540.508320,0.640622,
3540.518600,0.640769,
3560.508320,0.640601,
3560.518600,0.640747,
3580.508320,0.640579,
3580.518600,0.640725,
3600.508320,0.640558,
3600.518600,0.640703,
3620.508320,0.640538,
3620.518600,0.640682,
3640.508320,0.640517,
3640.518600,0.640660,
3660.508320,0.640497,
3660.518600,0.640639,
3680.508320,0.640477,
3680.518600,0.640618,
3700.508320,0.640457,
3700.518600,0.640598,
3720.508320,0.640437,
3720.518600,0.640577,
3740.508320,0.640418,
3740.518600,0.640557,
3760.508320,0.640399,
3760.518600,0.640537,
3780.508320,0.640379,
3780.518600,0.640517,
3800.508320,0.640361,
3800.518600,0.640498,
3820.508320,0.640342,
3820.518600,0.640478,
3840.508320,0.640324,
3840.518600,0.640459,
3860.508320,0.640305,
3860.518600,0.640440,
3880.508320,0.640287,
3880.518600,0.640422,
3900.508320,0.640269,
3900.518600,0.640403,
3920.508320,0.640252,
3920.518600,0.640385,
3940.508320,0.640234,
3940.518600,0.640366,
3960.508320,0.640217,
3960.518600,0.640348,
3980.508320,0.640200,
3980.518600,0.640331,
4000.508320,0.640183,
4000.518600,0.640313,
4020.508320,0.640166,
4020.518600,0.640296,
4040.508320,0.640149,
4040.518600,0.640278,
4060.508320,0.640133,
4060.518600,0.640261,
4080.508320,0.640116,
4080.518600,0.640244,
4100.508320,0.640100,
4100.518600,0.640227,
4120.508320,0.640084,
4120.518600,0.640211,
4140.508320,0.640068,
4140.518600,0.640194,
4160.508320,0.640053,
4160.518600,0.640178,
4180.508320,0.640037,
4180.518600,0.640162,
4200.508320,0.640022,
4200.518600,0.640146,
4220.508320,0.640006,
4220.518600,0.640130,
4240.508320,0.639991,
4240.518600,0.640114,
4260.508320,0.639976,
4260.518600,0.640099,
4280.508320,0.639961,
4280.518600,0.640083,
4300.508320,0.639947,
4300.518600,0.640068,
4320.508320,0.639932,
4320.518600,0.640053,
4340.508320,0.639918,
4340.518600,0.640038,
4360.508320,0.639903,
4360.518600,0.640023,
4380.508320,0.639889,
4380.518600,0.640008,
4400.508320,0.639875,
4400.518600,0.639994,
4420.508320,0.639861,
4420.518600,0.639979,
4440.508320,0.639847,
4440.518600,0.639965,
4460.508320,0.639834,
4460.518600,0.639951,
4480.508320,0.639820,
4480.518600,0.639937,
4500.508320,0.639807,
4500.518600,0.639923,
4520.508320,0.639794,
4520.518600,0.639909,
4540.508320,0.639780,
4540.518600,0.639895,
4560.508320,0.639767,
4560.518600,0.639882,
4580.508320,0.639754,
4580.518600,0.639868,
4600.508320,0.639741,
4600.518600,0.639855,
4620.508320,0.639729,
4620.518600,0.639842,
4640.508320,0.639716,
4640.518600,0.639828,
4660.508320,0.639704,
4660.518600,0.639815,
4680.508320,0.639691,
4680.518600,0.639803,
4700.508320,0.639679,
4700.518600,0.639790,
4720.508320,0.639667,
4720.518600,0.639777,
4740.508320,0.639655,
4740.518600,0.639765,
4760.508320,0.639643,
4760.518600,0.639752,
4780.508320,0.639631,
4780.518600,0.639740,
4800.508320,0.639619,
4800.518600,0.639728,
4820.508320,0.639607,
4820.518600,0.639715,
4840.508320,0.639596,
4840.518600,0.639703,
4860.508320,0.639584,
4860.518600,0.639691,
4880.508320,0.639573,
4880.518600,0.639680,
4900.508320,0.639561,
4900.518600,0.639668,
4920.508320,0.639550,
4920.518600,0.639656,
4940.508320,0.639539,
4940.518600,0.639645,
4960.508320,0.639528,
4960.518600,0.639633,
4980.508320,0.639517,
4980.518600,0.639622,
5000.508320,0.639506,
5000.518600,0.639610,
