#Type=Line
#Heading=APP4_VIDEO_Throughput
#XLabel=Time (ms)
#Num_Y=1
#YLabel=Throughput (Mbps)
0,0,
20.087760,0.172045,
40.264080,0.302404,
60.039440,0.220122,
80.220640,0.250210,
100.212000,0.255139,
120.247760,0.275631,
140.176720,0.274225,
160.088240,0.261856,
180.215520,0.262930,
200.162320,0.264945,
220.076080,0.254021,
240.054320,0.240312,
260.253920,0.251877,
280.073040,0.243765,
300.234880,0.250364,
320.176880,0.250112,
340.151280,0.248783,
360.168960,0.247861,
380.074640,0.242247,
400.068560,0.236379,
420.033360,0.226896,
440.041680,0.219197,
460.200880,0.226875,
480.099440,0.225037,
500.067440,0.220930,
520.148720,0.220645,
540.265280,0.227932,
560.206320,0.236570,
580.210240,0.237114,
600.216000,0.239860,
620.279040,0.243890,
640.080880,0.241207,
660.061200,0.237130,
680.195920,0.236555,
700.058320,0.232678,
720.195200,0.232159,
740.087600,0.230578,
760.317360,0.235965,
780.303440,0.242101,
800.245600,0.242636,
820.034000,0.237717,
840.047600,0.233006,
860.202320,0.233387,
880.058800,0.230403,
900.262320,0.233639,
920.064400,0.231097,
940.199120,0.231151,
960.293760,0.234387,
980.274880,0.238692,
1000.270080,0.240911,
1020.042640,0.237418,
1040.054160,0.234557,
1060.211280,0.235681,
1080.260000,0.236114,
1100.264720,0.236852,
1120.241280,0.240591,
1140.288560,0.243573,
1160.297440,0.245785,
1180.193840,0.245180,
1200.243280,0.248683,
1220.254960,0.251685,
1240.233840,0.254223,
1260.205920,0.254466,
1280.246880,0.254026,
1300.028400,0.250536,
1320.200080,0.250344,
1340.238480,0.250302,
1360.275360,0.253902,
1380.202080,0.253858,
1400.312400,0.256868,
1420.095040,0.255155,
1440.235680,0.255769,
1460.210640,0.256281,
1480.202880,0.256251,
1500.097520,0.255482,
1520.203520,0.255487,
1540.080240,0.254189,
1560.140560,0.253495,
1580.250400,0.253899,
1600.264000,0.255508,
1620.086960,0.254490,
1640.202480,0.254442,
1660.280080,0.255938,
1680.201840,0.255864,
1700.199520,0.255645,
1720.265440,0.255937,
1740.305120,0.257477,
1760.208400,0.257765,
1780.217360,0.258535,
1800.263520,0.258651,
1820.297440,0.260810,
1840.095120,0.260082,
1860.223520,0.261108,
1880.230640,0.261002,
1900.046160,0.259004,
1920.051760,0.257168,
1940.098960,0.256581,
1960.206480,0.256275,
1980.055920,0.254647,
2000.060080,0.253136,
2020.108720,0.252541,
2040.258880,0.252791,
2060.193520,0.252357,
2080.292720,0.254326,
2100.208160,0.254584,
2120.114720,0.253760,
2140.218000,0.254456,
2160.252080,0.254348,
2180.196880,0.254076,
2200.254560,0.256265,
2220.218880,0.256969,
2240.208800,0.257208,
2260.248640,0.258662,
2280.284960,0.260104,
2300.122320,0.259538,
2320.105840,0.258923,
2340.224400,0.258604,
2360.124880,0.257997,
2380.281680,0.259129,
2400.057680,0.257807,
2420.222640,0.258575,
2440.193440,0.258153,
2460.035440,0.256413,
2480.311600,0.257577,
2500.085520,0.256878,
2520.279360,0.257483,
2540.250160,0.258173,
2560.285520,0.259062,
2580.094640,0.258546,
2600.294720,0.259189,
2620.055920,0.257946,
2640.083760,0.257222,
2660.319040,0.258946,
2680.268000,0.259153,
2700.242080,0.258830,
2720.229280,0.259466,
2740.223760,0.259658,
2760.268160,0.259868,
2780.034480,0.258305,
2800.221360,0.258917,
2820.262880,0.259355,
2840.143040,0.258973,
2860.098160,0.258556,
2880.033200,0.257019,
2900.260480,0.257640,
2920.205200,0.257409,
2940.038640,0.256013,
2960.219200,0.256535,
2980.211520,0.256809,
3000.194720,0.256519,
3020.095920,0.256108,
3040.297920,0.257388,
3060.096080,0.256732,
3080.096560,0.256330,
3100.081840,0.255696,
3120.232800,0.256483,
3140.067120,0.255635,
3160.057520,0.254633,
3180.060240,0.253686,
3200.079600,0.253051,
3220.055600,0.252055,
3240.251600,0.252057,
3260.251680,0.252069,
3280.195120,0.251848,
3300.275120,0.252529,
3320.320720,0.253525,
3340.055120,0.252573,
3360.258880,0.252942,
3380.294640,0.254155,
3400.060880,0.253299,
3420.235600,0.254247,
3440.248800,0.255309,
3460.099120,0.255008,
3480.258960,0.255319,
3500.196480,0.255133,
3520.197120,0.254963,
3540.057680,0.254084,
3560.255520,0.254586,
3580.097040,0.254270,
3600.234960,0.255150,
3620.286000,0.255781,
3640.204560,0.255823,
3660.199120,0.255711,
3680.099920,0.255432,
3700.050160,0.254481,
3720.203280,0.254479,
3740.038160,0.253390,
3760.087920,0.252960,
3780.200800,0.252903,
3800.043760,0.251913,
3820.074960,0.251178,
3840.057840,0.250382,
3860.231680,0.250207,
3880.076240,0.249521,
3900.203600,0.249554,
3920.211600,0.249799,
3940.294240,0.250479,
3960.289680,0.250917,
3980.205200,0.250996,
4000.200080,0.250941,
4020.202400,0.250945,
4040.262080,0.251146,
4060.049040,0.250296,
4080.204320,0.250340,
4100.299360,0.250951,
4120.211120,0.251172,
4140.231440,0.251874,
4160.053360,0.251091,
4180.274320,0.251293,
4200.069840,0.250718,
4220.262720,0.251035,
4240.089840,0.250700,
4260.088560,0.250344,
4280.098800,0.250110,
4300.249840,0.250045,
4320.207040,0.250162,
4340.242560,0.250616,
4360.222240,0.251077,
4380.049360,0.250291,
4400.248320,0.250228,
4420.108800,0.249938,
4440.236000,0.250511,
4460.196240,0.250380,
4480.236400,0.251142,
4500.249840,0.252023,
4520.094480,0.251756,
4540.040560,0.250891,
4560.202960,0.250898,
4580.234960,0.251009,
4600.340000,0.251933,
4620.097840,0.251712,
4640.230240,0.252305,
4660.205360,0.252367,
4680.298880,0.252939,
4700.196720,0.252818,
4720.098960,0.252603,
4740.264080,0.252784,
4760.094080,0.252257,
4780.075280,0.251795,
4800.062480,0.251203,
4820.217280,0.251038,
4840.033040,0.250159,
4860.045200,0.249402,
4880.039440,0.248593,
4900.114320,0.248218,
4920.246720,0.249126,
4940.266640,0.249263,
4960.068560,0.248671,
4980.271280,0.249011,
5000.276640,0.249421,
5020.214480,0.249279,
5040.042640,0.248536,
5060.070480,0.248065,
5080.067280,0.247567,
5100.275520,0.247869,
5120.058800,0.247303,
5140.236800,0.247340,
5160.303360,0.248060,
5180.228000,0.248105,
5200.102480,0.247910,
5220.207760,0.248022,
5240.221200,0.248287,
5260.113920,0.247928,
5280.254880,0.248047,
5300.265120,0.248246,
5320.236320,0.248654,
5340.234800,0.249271,
5360.271840,0.249631,
5380.210720,0.249795,
5400.200320,0.249675,
5420.243600,0.250390,
5440.117760,0.250171,
5460.249360,0.250132,
5480.072880,0.249722,
5500.197040,0.249626,
5520.204880,0.249678,
5540.264800,0.249779,
5560.270640,0.250322,
5580.076880,0.249955,
5600.256480,0.250447,
5620.264800,0.250730,
5640.235760,0.250676,
5660.266400,0.250848,
5680.061200,0.250348,
5700.089360,0.250089,
5720.125360,0.249878,
5740.099440,0.249713,
5760.263280,0.250269,
5780.201040,0.250253,
5800.264880,0.250346,
5820.270080,0.251078,
5840.086320,0.250806,
5860.090320,0.250561,
5880.203120,0.250572,
5900.219280,0.250861,
5920.089040,0.250522,
5940.211440,0.250673,
5960.089680,0.250432,
5980.250560,0.251235,
6000.283360,0.251809,
6020.202720,0.251817,
6040.033520,0.251114,
6060.082960,0.250814,
6080.324960,0.251484,
6100.207120,0.251567,
6120.241760,0.251806,
6140.035280,0.251130,
6160.206480,0.251190,
6180.247840,0.251405,
6200.214880,0.251608,
6220.233120,0.251502,
6240.214080,0.251690,
6260.290800,0.252336,
6280.242000,0.252416,
6300.274160,0.252695,
6320.213280,0.252866,
6340.224400,0.252767,
6360.059920,0.252303,
6380.032080,0.251619,
6400.243680,0.251630,
6420.194160,0.251504,
6440.258000,0.251697,
6460.235920,0.251790,
6480.292000,0.252134,
6500.237920,0.252383,
6520.072240,0.252027,
6540.092080,0.251817,
6560.214720,0.251675,
6580.290560,0.252276,
6600.304720,0.252651,
6620.233920,0.253127,
6640.254480,0.253588,
6660.200400,0.253554,
6680.049680,0.253033,
6700.220080,0.253286,
6720.064400,0.252879,
6740.197200,0.252793,
6760.292400,0.253119,
6780.050640,0.252618,
6800.296240,0.253257,
6820.034000,0.252637,
6840.066960,0.252250,
6860.252000,0.252386,
6880.297200,0.252967,
6900.245040,0.253583,
6920.208320,0.253664,
6940.257520,0.253656,
6960.251440,0.254305,
6980.094000,0.254122,
7000.287440,0.254414,
7020.138560,0.254276,
7040.242960,0.254191,
7060.246080,0.254802,
7080.245280,0.254886,
7100.224960,0.255195,
7120.260960,0.255252,
7140.048560,0.254755,
7160.217760,0.254954,
7180.305680,0.255298,
7200.218800,0.255408,
7220.238720,0.255775,
7240.195200,0.255666,
7260.083120,0.255410,
7280.286400,0.255843,
7300.081520,0.255580,
7320.219120,0.255792,
7340.255120,0.255775,
7360.066880,0.255312,
7380.198720,0.255247,
7400.279120,0.255493,
7420.200880,0.255465,
7440.246000,0.255856,
7460.057200,0.255435,
7480.246320,0.255973,
7500.235760,0.255916,
7520.265920,0.256251,
7540.263280,0.256353,
7560.328000,0.256968,
7580.269600,0.257091,
7600.205200,0.257115,
7620.221120,0.257346,
7640.320400,0.257768,
7660.061680,0.257385,
7680.223680,0.257641,
7700.087120,0.257422,
7720.222800,0.257666,
7740.254800,0.257803,
7760.029360,0.257216,
7780.326880,0.257757,
7800.261520,0.257819,
7820.036720,0.257283,
7840.255680,0.257289,
7860.204800,0.257306,
7880.076880,0.257027,
7900.204400,0.257034,
7920.224080,0.256958,
7940.208640,0.257024,
7960.078000,0.256755,
7980.072400,0.256449,
8000.214480,0.256583,
8020.091280,0.256400,
8040.202000,0.256380,
8060.059280,0.256000,
8080.221120,0.256216,
8100.276960,0.256329,
8120.050480,0.255901,
8140.050000,0.255465,
8160.086480,0.255163,
8180.244480,0.255136,
8200.257760,0.255233,
8220.219120,0.255429,
8240.217120,0.255598,
8260.230880,0.255518,
8280.251600,0.255646,
8300.114240,0.255471,
8320.270240,0.256011,
8340.202800,0.255978,
8360.275040,0.256149,
8380.030000,0.255613,
8400.094160,0.255418,
8420.242720,0.255659,
8440.219920,0.255683,
8460.263440,0.255874,
8480.290400,0.256055,
8500.072560,0.255777,
8520.293200,0.256019,
8540.303120,0.256471,
8560.298000,0.256799,
8580.319520,0.257227,
8600.230400,0.257542,
8620.069520,0.257244,
8640.217280,0.257399,
8660.217120,0.257293,
8680.219120,0.257473,
8700.294080,0.257710,
8720.212640,0.257816,
8740.086800,0.257619,
8760.281120,0.257887,
8780.220480,0.258080,
8800.031120,0.257570,
8820.208880,0.257625,
8840.277760,0.257770,
8860.198000,0.257709,
8880.204240,0.257716,
8900.251680,0.257680,
8920.197760,0.257616,
8940.267440,0.258092,
8960.068880,0.257802,
8980.101920,0.257559,
9000.229440,0.257842,
9020.061680,0.257514,
9040.217280,0.257661,
9060.045840,0.257247,
9080.034640,0.256769,
9100.095600,0.256626,
9120.095120,0.256482,
9140.197840,0.256419,
9160.232080,0.256731,
9180.249600,0.256980,
9200.228160,0.257248,
9220.095600,0.257111,
9240.273760,0.257354,
9260.285280,0.257594,
9280.069680,0.257320,
9300.065040,0.257016,
9320.081040,0.256799,
9340.212640,0.256894,
9360.227360,0.257148,
9380.208640,0.257204,
9400.286240,0.257435,
9420.030640,0.256959,
9440.238480,0.256988,
9460.083280,0.256791,
9480.281680,0.256922,
9500.059760,0.256604,
9520.199280,0.256557,
9540.198000,0.256500,
9560.065680,0.256213,
9580.286560,0.256432,
9600.228480,0.256696,
9620.232160,0.256683,
9640.202320,0.256673,
9660.063920,0.256379,
9680.214160,0.256487,
9700.234320,0.256805,
9720.040560,0.256395,
9740.228240,0.256645,
9760.274000,0.256767,
9780.089520,0.256610,
9800.053360,0.256264,
9820.215760,0.256176,
9840.081520,0.255978,
9860.029360,0.255515,
9880.294320,0.255900,
9900.310240,0.256334,
9920.249840,0.256359,
9940.208480,0.256412,
9960.099600,0.256306,
9980.084560,0.256123,
