#Type=Line
#Heading=Link_5_Throughput
#XLabel=Time (ms)
#Num_Y=1
#YLabel=Throughput (Mbps)
0,0,
20.021200,0.027970,
20.027760,0.055922,
20.031800,0.083867,
20.038360,0.111786,
20.087760,0.305061,
20.094000,0.331243,
20.100240,0.357409,
20.169600,0.695304,
20.215840,0.917696,
20.226120,0.943335,
20.262080,1.165132,
20.272360,1.190587,
40.079120,0.688438,
40.125360,0.800491,
40.135640,0.813442,
40.171600,0.925430,
40.181880,0.938333,
40.264080,1.163717,
60.039440,0.804938,
60.100560,0.879459,
60.110840,0.888093,
60.146800,0.962844,
60.157080,0.971457,
60.222640,1.094738,
80.100560,0.879594,
80.110840,0.886072,
80.146800,0.942171,
80.157080,0.948637,
80.220640,1.038735,
80.297920,1.132782,
100.100560,0.953921,
100.110840,0.959097,
100.151760,1.008869,
100.212000,1.067417,
120.100560,0.928355,
120.110840,0.932672,
120.166720,0.986496,
120.247760,1.052427,
140.072240,0.925694,
140.118480,0.957704,
140.128760,0.961401,
140.176720,1.001935,
160.032080,0.884523,
160.088240,0.908649,
160.134480,0.936663,
160.144760,0.939900,
180.100560,0.860897,
180.110840,0.863779,
180.155600,0.893583,
180.215520,0.926002,
200.100560,0.856609,
200.110840,0.859204,
200.162320,0.889358,
220.076080,0.823897,
220.122320,0.844294,
220.132600,0.846653,
220.223440,0.891785,
240.054320,0.827346,
240.100560,0.846046,
240.110840,0.848208,
240.171760,0.877239,
260.100560,0.827434,
260.110840,0.829431,
260.170000,0.855564,
260.253920,0.887164,
280.073040,0.835639,
280.119280,0.851666,
280.129560,0.853519,
280.184720,0.876365,
300.100560,0.833294,
300.110840,0.835025,
300.160640,0.854582,
300.234880,0.878779,
320.076240,0.834651,
320.122480,0.848675,
320.132760,0.850297,
320.176880,0.866871,
340.100560,0.829402,
340.110840,0.830929,
340.151280,0.845459,
340.215760,0.863969,
360.070960,0.824793,
360.117200,0.837261,
360.127480,0.838703,
360.168960,0.852711,
380.074640,0.816555,
380.120880,0.828368,
380.131160,0.829735,
380.197680,0.849537,
400.068560,0.814660,
400.114800,0.825883,
400.125080,0.827181,
400.185680,0.844528,
420.033360,0.807403,
420.100560,0.818052,
420.110840,0.819289,
420.165520,0.834414,
440.041680,0.800324,
440.074000,0.807391,
440.120240,0.817595,
440.130520,0.818775,
460.069840,0.789793,
460.116080,0.799555,
460.126360,0.800684,
460.200880,0.818773,
480.057840,0.789888,
480.099440,0.798285,
480.145680,0.807638,
480.155960,0.808721,
500.067440,0.782262,
500.113680,0.791244,
500.123960,0.792284,
500.196640,0.808562,
520.100560,0.786325,
520.110840,0.787324,
520.148720,0.796341,
520.198240,0.805601,
540.100560,0.784298,
540.110840,0.785261,
540.176240,0.798998,
540.265280,0.815170,
560.050160,0.789958,
560.100560,0.797971,
560.110840,0.798899,
560.206320,0.816285,
580.100560,0.796096,
580.110840,0.796993,
580.154480,0.806061,
580.210240,0.815429,
580.321409,0.823075,
580.331689,0.823970,
580.442529,0.831614,
580.452809,0.832509,
580.488769,0.840257,
580.499049,0.841152,
580.535009,0.848900,
580.545289,0.849794,
580.581249,0.857541,
580.591529,0.858435,
580.627489,0.866180,
580.637769,0.867074,
580.673729,0.874818,
580.684009,0.875712,
580.719969,0.883455,
580.730249,0.884349,
580.766209,0.892090,
580.776489,0.892984,
580.812449,0.900724,
580.822729,0.901618,
580.858689,0.909357,
580.868969,0.910250,
580.904929,0.917988,
580.915209,0.918881,
580.951169,0.926618,
580.961449,0.927511,
580.997409,0.935247,
581.007689,0.936139,
581.043649,0.943874,
581.053929,0.944766,
581.089889,0.952500,
581.100169,0.953392,
581.136129,0.961124,
581.146409,0.962016,
581.182369,0.969747,
581.192649,0.970639,
581.228609,0.978369,
581.238889,0.979260,
581.274849,0.986989,
581.285129,0.987880,
581.321089,0.995608,
581.331369,0.996499,
581.367329,1.004226,
581.377609,1.005116,
581.413569,1.012842,
581.423849,1.013732,
581.459809,1.021457,
581.470089,1.022347,
581.506049,1.030070,
581.516329,1.030960,
581.552289,1.038682,
581.562569,1.039572,
600.100560,1.015003,
600.110840,1.015866,
600.146800,1.023350,
600.157080,1.024212,
600.216000,1.035481,
600.301120,1.049353,
620.100560,1.023150,
620.110840,1.023985,
620.146800,1.031227,
620.157080,1.032061,
620.200640,1.040515,
620.279040,1.052868,
640.080880,1.025833,
640.118000,1.031422,
640.164240,1.038421,
640.174520,1.039229,
640.210480,1.046243,
640.220760,1.047051,
660.061200,1.019457,
660.107440,1.026245,
660.117720,1.027029,
660.153680,1.033832,
660.163960,1.034616,
660.210480,1.043001,
680.100560,1.019155,
680.110840,1.019916,
680.146800,1.026520,
680.157080,1.027280,
680.195920,1.034302,
680.258640,1.043286,
700.058320,1.017230,
700.104560,1.023630,
700.114840,1.024369,
700.150800,1.030784,
700.161080,1.031523,
700.254000,1.045986,
720.100560,1.023446,
720.110840,1.024165,
720.146800,1.030401,
720.157080,1.031119,
720.195200,1.037652,
720.283040,1.049587,
740.087600,1.026743,
740.133840,1.032797,
740.144120,1.033496,
740.180080,1.039563,
740.190360,1.040262,
740.244240,1.048724,
760.100560,1.027285,
760.110840,1.027966,
760.146800,1.033874,
760.157080,1.034555,
760.224480,1.044555,
760.317360,1.056517,
780.100560,1.035528,
780.110840,1.036191,
780.146800,1.041947,
780.157080,1.042611,
780.203120,1.049645,
780.303440,1.062243,
800.095280,1.041296,
800.141520,1.046895,
800.151800,1.047541,
800.187760,1.053153,
800.198040,1.053799,
800.245600,1.060844,
820.034000,1.036708,
820.080240,1.040932,
820.126480,1.046395,
820.136760,1.047025,
820.172720,1.052500,
820.183000,1.053131,
840.034320,1.029691,
840.047600,1.031142,
840.100560,1.036466,
840.110840,1.037082,
840.146800,1.042427,
840.157080,1.043043,
860.100560,1.024122,
860.110840,1.024724,
860.146800,1.029945,
860.157080,1.030547,
860.202320,1.036835,
860.262800,1.043681,
880.058800,1.022977,
880.105040,1.028068,
880.115320,1.028656,
880.151280,1.033759,
880.161560,1.034346,
880.224080,1.042435,
900.088880,1.023810,
900.135120,1.028788,
900.145400,1.029363,
900.181360,1.034352,
900.191640,1.034926,
900.262320,1.043731,
920.064400,1.024224,
920.110640,1.029094,
920.120920,1.029656,
920.156880,1.034537,
920.167160,1.035099,
920.210800,1.040805,
940.100560,1.023601,
940.110840,1.024152,
940.146800,1.028929,
940.157080,1.029479,
940.199120,1.034896,
940.276480,1.042936,
960.100560,1.026118,
960.110840,1.026656,
960.146800,1.031334,
960.157080,1.031873,
960.210960,1.038397,
960.293760,1.046830,
980.088080,1.029671,
980.134320,1.034242,
980.144600,1.034770,
980.180560,1.039351,
980.190840,1.039879,
980.274880,1.049314,
1000.100560,1.033040,
1000.110840,1.033557,
1000.146800,1.038048,
1000.157080,1.038565,
1000.194880,1.043237,
1000.270080,1.050580,
1020.042640,1.031816,
1020.100560,1.036196,
1020.110840,1.036703,
1020.146800,1.041105,
1020.157080,1.041612,
1020.200160,1.046704,
1040.054160,1.028846,
1040.100560,1.033154,
1040.110840,1.033651,
1040.146800,1.037969,
1040.157080,1.038466,
1040.201360,1.043575,
1060.100560,1.028257,
1060.110840,1.028745,
1060.146800,1.032981,
1060.157080,1.033469,
1060.211280,1.039408,
1060.285360,1.046232,
1080.100560,1.031230,
1080.110840,1.031709,
1080.146800,1.035867,
1080.157080,1.036346,
1080.202800,1.041397,
1080.260000,1.046548,
1100.100560,1.031789,
1100.110840,1.032260,
1100.146800,1.036342,
1100.157080,1.036812,
1100.204080,1.041887,
1100.264720,1.047253,
1120.041680,1.030176,
1120.100560,1.034164,
1120.110840,1.034626,
1120.146800,1.038635,
1120.157080,1.039097,
1120.241280,1.047367,
1140.100560,1.033095,
1140.110840,1.033549,
1140.146800,1.037487,
1140.157080,1.037941,
1140.201040,1.042574,
1140.288560,1.050085,
1160.100560,1.036055,
1160.110840,1.036501,
1160.146800,1.040372,
1160.157080,1.040818,
1160.217760,1.046797,
1160.297440,1.053509,
1180.100560,1.039667,
1180.110840,1.040106,
1180.146800,1.043911,
1180.157080,1.044349,
1180.193840,1.048221,
1180.289520,1.056161,
1200.051280,1.040489,
1200.100560,1.044219,
1200.110840,1.044650,
1200.146800,1.048392,
1200.157080,1.048823,
1200.243280,1.056706,
1220.070800,1.042025,
1220.117040,1.045696,
1220.127320,1.046120,
1220.163280,1.049800,
1220.173560,1.050224,
1220.254960,1.057589,
1240.100560,1.044315,
1240.110840,1.044732,
1240.146800,1.048353,
1240.157080,1.048770,
1240.233840,1.055646,
1240.326480,1.062959,
1260.100560,1.049872,
1260.110840,1.050282,
1260.146800,1.053845,
1260.157080,1.054256,
1260.205920,1.058830,
1260.290800,1.065418,
1280.100560,1.052467,
1280.110840,1.052871,
1280.146800,1.056379,
1280.157080,1.056783,
1280.196240,1.060537,
1280.246880,1.064376,
1300.028400,1.048888,
1300.100560,1.052312,
1300.110840,1.052710,
1300.146800,1.056164,
1300.157080,1.056562,
1300.251440,1.064459,
1320.100560,1.051884,
1320.110840,1.052275,
1320.146800,1.055677,
1320.157080,1.056068,
1320.200080,1.059997,
1320.291520,1.066777,
1340.091120,1.054042,
1340.137360,1.057384,
1340.147640,1.057770,
1340.183600,1.061120,
1340.193880,1.061506,
1340.238480,1.065494,
1360.078480,1.052469,
1360.124720,1.055762,
1360.135000,1.056142,
1360.170960,1.059443,
1360.181240,1.059823,
1360.275360,1.067354,
1380.100560,1.055303,
1380.110840,1.055678,
1380.146800,1.058931,
1380.157080,1.059306,
1380.202080,1.063207,
1380.294880,1.069789,
1400.100560,1.057890,
1400.110840,1.058259,
1400.146800,1.061466,
1400.157080,1.061835,
1400.213920,1.066517,
1400.312400,1.073406,
1420.063280,1.060353,
1420.095040,1.062498,
1420.141280,1.065652,
1420.151560,1.066016,
1420.187520,1.069177,
1420.197800,1.069541,
1440.077680,1.057126,
1440.123920,1.060237,
1440.134200,1.060596,
1440.170160,1.063713,
1440.180440,1.064072,
1440.235680,1.068514,
1460.100560,1.057078,
1460.110840,1.057432,
1460.146800,1.060507,
1460.157080,1.060861,
1460.210640,1.065129,
1460.294560,1.070748,
1480.100560,1.059479,
1480.110840,1.059829,
1480.146800,1.062862,
1480.157080,1.063211,
1480.202880,1.066902,
1480.275600,1.071698,
1500.097520,1.060454,
1500.143760,1.063439,
1500.154040,1.063784,
1500.190000,1.066777,
1500.200280,1.067122,
1500.239840,1.070352,
1520.100560,1.059346,
1520.110840,1.059686,
1520.146800,1.062639,
1520.157080,1.062980,
1520.203520,1.066615,
1520.278080,1.071404,
1540.037360,1.058546,
1540.080240,1.060797,
1540.126480,1.063705,
1540.136760,1.064041,
1540.172720,1.066956,
1540.183000,1.067291,
1560.095120,1.056397,
1560.140560,1.059217,
1560.186800,1.062088,
1560.197080,1.062420,
1560.233040,1.065297,
1560.243320,1.065629,
1580.095280,1.054939,
1580.141520,1.057774,
1580.151800,1.058101,
1580.187760,1.060942,
1580.198040,1.061270,
1580.250400,1.065138,
1600.089680,1.054421,
1600.135920,1.057220,
1600.146200,1.057543,
1600.182160,1.060349,
1600.192440,1.060672,
1600.264000,1.065679,
1620.086960,1.055015,
1620.133200,1.057780,
1620.143480,1.058099,
1620.179440,1.060870,
1620.189720,1.061189,
1620.276880,1.067087,
1640.100560,1.056950,
1640.110840,1.057265,
1640.146800,1.060003,
1640.157080,1.060318,
1640.202480,1.063625,
1640.278720,1.068165,
1660.100560,1.058138,
1660.110840,1.058450,
1660.146800,1.061154,
1660.157080,1.061466,
1660.198880,1.064518,
1660.280080,1.069299,
1680.030640,1.057343,
1680.100560,1.059994,
1680.110840,1.060301,
1680.146800,1.062974,
1680.157080,1.063282,
1680.201840,1.066472,
1700.100560,1.056653,
1700.110840,1.056957,
1700.146800,1.059598,
1700.157080,1.059902,
1700.199520,1.062920,
1700.281840,1.067654,
1720.100560,1.057985,
1720.110840,1.058285,
1720.146800,1.060896,
1720.157080,1.061196,
1720.203840,1.064427,
1720.265440,1.067914,
1740.100560,1.058343,
1740.110840,1.058641,
1740.146800,1.061221,
1740.157080,1.061518,
1740.221760,1.065731,
1740.305120,1.070415,
1760.100560,1.060948,
1760.110840,1.061242,
1760.146800,1.063793,
1760.157080,1.064087,
1760.208400,1.067501,
1760.297200,1.072437,
1780.048400,1.061616,
1780.100560,1.064129,
1780.110840,1.064419,
1780.146800,1.066941,
1780.157080,1.067232,
1780.217360,1.071105,
1800.100560,1.061790,
1800.110840,1.062077,
1800.146800,1.064571,
1800.157080,1.064858,
1800.204320,1.067972,
1800.263520,1.071172,
1820.100560,1.061985,
1820.110840,1.062269,
1820.146800,1.064736,
1820.157080,1.065020,
1820.201040,1.067922,
1820.297440,1.073108,
1840.095120,1.063875,
1840.141360,1.066309,
1840.151640,1.066590,
1840.187600,1.069030,
1840.197880,1.069311,
1840.242560,1.072220,
1860.100560,1.063207,
1860.110840,1.063485,
1860.146800,1.065899,
1860.157080,1.066177,
1860.223520,1.070211,
1860.312080,1.074869,
1880.082640,1.065498,
1880.128880,1.067880,
1880.139160,1.068155,
1880.175120,1.070543,
1880.185400,1.070818,
1880.230640,1.073694,
1900.046160,1.063448,
1900.100560,1.065800,
1900.110840,1.066073,
1900.146800,1.068435,
1900.157080,1.068707,
1900.227040,1.072840,
1920.051760,1.062851,
1920.100560,1.065182,
1920.110840,1.065451,
1920.146800,1.067789,
1920.157080,1.068058,
1920.206160,1.071072,
1940.098960,1.062383,
1940.145200,1.064691,
1940.155480,1.064958,
1940.191440,1.067272,
1940.201720,1.067538,
1940.252480,1.070607,
1960.063120,1.061141,
1960.109360,1.063426,
1960.119640,1.063690,
1960.155600,1.065981,
1960.165880,1.066244,
1960.206480,1.068769,
1980.055920,1.059215,
1980.102160,1.061477,
1980.112440,1.061738,
1980.148400,1.064005,
1980.158680,1.064266,
1980.227840,1.068192,
2000.060080,1.058852,
2000.097840,1.060672,
2000.144080,1.062911,
2000.154360,1.063170,
2000.190320,1.065415,
2000.200600,1.065673,
2020.064720,1.056548,
2020.108720,1.058656,
2020.154960,1.060873,
2020.165240,1.061129,
2020.201200,1.063352,
2020.211480,1.063607,
2040.100560,1.055458,
2040.110840,1.055711,
2040.146800,1.057912,
2040.157080,1.058166,
2040.197600,1.060587,
2040.258880,1.063512,
2060.100560,1.055467,
2060.110840,1.055718,
2060.146800,1.057897,
2060.157080,1.058148,
2060.193520,1.060351,
2060.248160,1.062928,
2080.100560,1.054961,
2080.110840,1.055209,
2080.146800,1.057368,
2080.157080,1.057616,
2080.195760,1.059904,
2080.292720,1.064469,
2100.053200,1.055482,
2100.100560,1.057614,
2100.110840,1.057860,
2100.146800,1.059998,
2100.157080,1.060245,
2100.208160,1.063095,
2120.076240,1.054694,
2120.114720,1.056445,
2120.160960,1.058557,
2120.171240,1.058801,
2120.207200,1.060919,
2120.217480,1.061163,
2140.100560,1.053420,
2140.110840,1.053661,
2140.146800,1.055759,
2140.157080,1.056001,
2140.218000,1.059253,
2140.296560,1.062840,
2160.100560,1.055192,
2160.110840,1.055431,
2160.146800,1.057510,
2160.157080,1.057749,
2160.198160,1.060062,
2160.252080,1.062487,
2180.100560,1.054891,
2180.110840,1.055128,
2180.146800,1.057188,
2180.157080,1.057425,
2180.196880,1.059658,
2180.261200,1.062533,
2200.057680,1.054056,
2200.103920,1.056092,
2200.114200,1.056327,
2200.150160,1.058368,
2200.160440,1.058603,
2200.254560,1.063259,
2220.100560,1.055794,
2220.110840,1.056027,
2220.146800,1.058049,
2220.157080,1.058282,
2220.218880,1.061456,
2220.310160,1.065480,
2240.100560,1.058088,
2240.110840,1.058319,
2240.146800,1.060323,
2240.157080,1.060554,
2240.208800,1.063254,
2240.276800,1.066215,
2260.066480,1.058128,
2260.112720,1.060110,
2260.123000,1.060339,
2260.158960,1.062325,
2260.169240,1.062554,
2260.248640,1.066442,
2280.100560,1.059143,
2280.110840,1.059370,
2280.146800,1.061339,
2280.157080,1.061565,
2280.194960,1.063618,
2280.284960,1.067481,
2300.078480,1.059783,
2300.122320,1.061627,
2300.168560,1.063574,
2300.178840,1.063799,
2300.214800,1.065751,
2300.225080,1.065976,
2320.062960,1.058002,
2320.105840,1.059790,
2320.152080,1.061720,
2320.162360,1.061943,
2320.198320,1.063878,
2320.208600,1.064101,
2340.082000,1.056602,
2340.128240,1.058516,
2340.138520,1.058737,
2340.174480,1.060656,
2340.184760,1.060877,
2340.224400,1.062951,
2360.082480,1.055543,
2360.124880,1.057280,
2360.171120,1.059177,
2360.181400,1.059397,
2360.217360,1.061299,
2360.227640,1.061518,
2380.100560,1.054557,
2380.110840,1.054774,
2380.146800,1.056661,
2380.157080,1.056878,
2380.197440,1.058947,
2380.281680,1.062409,
2400.057680,1.054648,
2400.103920,1.056514,
2400.114200,1.056730,
2400.150160,1.058600,
2400.160440,1.058816,
2400.208880,1.061201,
2420.100560,1.054350,
2420.110840,1.054563,
2420.146800,1.056419,
2420.157080,1.056632,
2420.222640,1.059698,
2420.300640,1.062846,
2440.100560,1.056078,
2440.110840,1.056290,
2440.146800,1.058130,
2440.157080,1.058342,
2440.193440,1.060198,
2440.267040,1.063143,
2460.035440,1.055117,
2460.097840,1.056875,
2460.144080,1.058696,
2460.154360,1.058906,
2460.190320,1.060731,
2460.200600,1.060941,
2480.100560,1.054254,
2480.110840,1.054463,
2480.146800,1.056273,
2480.157080,1.056481,
2480.225440,1.059584,
2480.311600,1.062983,
2500.030000,1.054999,
2500.085520,1.056485,
2500.131760,1.058277,
2500.142040,1.058484,
2500.178000,1.060280,
2500.188280,1.060487,
2520.100560,1.053904,
2520.110840,1.054109,
2520.146800,1.055891,
2520.157080,1.056096,
2520.206960,1.058424,
2520.279360,1.061228,
2540.083440,1.054400,
2540.129680,1.056163,
2540.139960,1.056367,
2540.175920,1.058135,
2540.186200,1.058338,
2540.250160,1.061196,
2560.100560,1.054737,
2560.110840,1.054939,
2560.146800,1.056693,
2560.157080,1.056895,
2560.205760,1.059140,
2560.285520,1.062185,
2580.036080,1.054559,
2580.094640,1.056175,
2580.140880,1.057911,
2580.151160,1.058112,
2580.187120,1.059852,
2580.197400,1.060052,
2600.100560,1.053679,
2600.110840,1.053878,
2600.146800,1.055605,
2600.157080,1.055804,
2600.220480,1.058575,
2600.294720,1.061363,
2620.055920,1.054234,
2620.102160,1.055944,
2620.112440,1.056141,
2620.148400,1.057855,
2620.158680,1.058052,
2620.210240,1.060355,
2640.083760,1.053770,
2640.130000,1.055466,
2640.140280,1.055662,
2640.176240,1.057363,
2640.186520,1.057559,
2640.252960,1.060401,
2660.100560,1.054192,
2660.110840,1.054386,
2660.146800,1.056074,
2660.157080,1.056268,
2660.215840,1.058804,
2660.319040,1.062606,
2680.100560,1.056453,
2680.110840,1.056646,
2680.146800,1.058321,
2680.157080,1.058514,
2680.205520,1.060650,
2680.268000,1.062921,
2700.100560,1.056790,
2700.110840,1.056982,
2700.146800,1.058645,
2700.157080,1.058836,
2700.193760,1.060525,
2700.242080,1.062260,
2720.062480,1.055485,
2720.108720,1.057131,
2720.119000,1.057321,
2720.154960,1.058972,
2720.165240,1.059162,
2720.229280,1.061834,
2740.068880,1.055220,
2740.115120,1.056855,
2740.125400,1.057044,
2740.161360,1.058682,
2740.171640,1.058871,
2740.223760,1.061093,
2760.100560,1.055092,
2760.110840,1.055279,
2760.146800,1.056906,
2760.157080,1.057093,
2760.205040,1.059150,
2760.268160,1.061378,
2780.034480,1.054272,
2780.100560,1.055875,
2780.110840,1.056061,
2780.146800,1.057677,
2780.157080,1.057863,
2780.205520,1.059922,
2800.100560,1.054008,
2800.110840,1.054193,
2800.146800,1.055796,
2800.157080,1.055981,
2800.221360,1.058585,
2800.311840,1.061747,
2820.100560,1.055903,
2820.110840,1.056086,
2820.146800,1.057678,
2820.157080,1.057862,
2820.193360,1.059465,
2820.262880,1.061870,
2840.097040,1.055986,
2840.143040,1.057555,
2840.189280,1.059132,
2840.199560,1.059314,
2840.235520,1.060895,
2840.245800,1.061077,
2860.098160,1.055253,
2860.144400,1.056819,
2860.154680,1.057000,
2860.190640,1.058570,
2860.200920,1.058751,
2860.240720,1.060453,
2880.033200,1.053568,
2880.100560,1.055116,
2880.110840,1.055295,
2880.146800,1.056854,
2880.157080,1.057034,
2880.229440,1.059843,
2900.092720,1.054010,
2900.138960,1.055555,
2900.149240,1.055733,
2900.185200,1.057281,
2900.195480,1.057460,
2900.260480,1.059999,
2920.062800,1.053714,
2920.109040,1.055248,
2920.119320,1.055425,
2920.155280,1.056963,
2920.165560,1.057140,
2920.205200,1.058802,
2940.038640,1.052147,
2940.100560,1.053665,
2940.110840,1.053841,
2940.146800,1.055368,
2940.157080,1.055544,
2940.248480,1.058936,
2960.050640,1.052539,
2960.100560,1.054051,
2960.110840,1.054225,
2960.146800,1.055742,
2960.157080,1.055917,
2960.219200,1.058308,
2980.046160,1.051874,
2980.100560,1.053374,
2980.110840,1.053547,
2980.146800,1.055054,
2980.157080,1.055228,
2980.211520,1.057348,
3000.039120,1.050845,
3000.100560,1.052333,
3000.110840,1.052505,
3000.146800,1.054002,
3000.157080,1.054174,
3000.194720,1.055726,
3020.095920,1.050192,
3020.142160,1.051675,
3020.152440,1.051846,
3020.188400,1.053333,
3020.198680,1.053504,
3020.287520,1.056723,
3040.100560,1.051326,
3040.110840,1.051496,
3040.146800,1.052973,
3040.157080,1.053143,
3040.202000,1.054911,
3040.297920,1.058002,
3060.059920,1.051985,
3060.096080,1.053122,
3060.142320,1.054586,
3060.152600,1.054755,
3060.188560,1.056222,
3060.198840,1.056391,
3080.096560,1.050972,
3080.142800,1.052427,
3080.153080,1.052594,
3080.189040,1.054052,
3080.199320,1.054220,
3080.258960,1.056438,
3100.081840,1.050842,
3100.128080,1.052287,
3100.138360,1.052454,
3100.174320,1.053902,
3100.184600,1.054069,
3100.251840,1.056515,
3120.058960,1.050593,
3120.105200,1.052029,
3120.115480,1.052194,
3120.151440,1.053633,
3120.161720,1.053799,
3120.232800,1.056352,
3140.067120,1.050589,
3140.113360,1.052016,
3140.123640,1.052180,
3140.159600,1.053610,
3140.169880,1.053775,
3140.226880,1.055868,
3160.057520,1.049994,
3160.103760,1.051411,
3160.114040,1.051575,
3160.150000,1.052996,
3160.160280,1.053159,
3160.198320,1.054645,
3180.060240,1.048848,
3180.101200,1.050092,
3180.147440,1.051501,
3180.157720,1.051664,
3180.193680,1.053075,
3180.203960,1.053238,
3200.079600,1.047784,
3200.125840,1.049184,
3200.136120,1.049345,
3200.172080,1.050748,
3200.182360,1.050910,
3200.271360,1.053953,
3220.055600,1.048186,
3220.098400,1.049471,
3220.144640,1.050862,
3220.154920,1.051023,
3220.190880,1.052417,
3220.201160,1.052578,
3240.100560,1.047511,
3240.110840,1.047670,
3240.146800,1.049056,
3240.157080,1.049216,
3240.195360,1.050672,
3240.251600,1.052360,
3260.100560,1.047342,
3260.110840,1.047501,
3260.146800,1.048878,
3260.157080,1.049037,
3260.195600,1.050492,
3260.251680,1.052164,
3280.100560,1.047178,
3280.110840,1.047335,
3280.146800,1.048704,
3280.157080,1.048862,
3280.195120,1.050294,
3280.257440,1.052144,
3300.100560,1.047190,
3300.110840,1.047347,
3300.146800,1.048707,
3300.157080,1.048864,
3300.196800,1.050337,
3300.275120,1.052656,
3320.100560,1.047735,
3320.110840,1.047890,
3320.146800,1.049243,
3320.157080,1.049399,
3320.231760,1.051905,
3320.320720,1.054527,
3340.055120,1.048972,
3340.092000,1.050036,
3340.138240,1.051377,
3340.148520,1.051532,
3340.184480,1.052876,
3340.194760,1.053031,
3360.097680,1.048098,
3360.143920,1.049431,
3360.154200,1.049585,
3360.190160,1.050921,
3360.200440,1.051075,
3360.258880,1.053074,
3380.100560,1.048232,
3380.110840,1.048385,
3380.146800,1.049713,
3380.157080,1.049866,
3380.197680,1.051330,
3380.294640,1.054140,
3400.060880,1.048760,
3400.107120,1.050078,
3400.117400,1.050230,
3400.153360,1.051550,
3400.163640,1.051702,
3400.204960,1.053179,
3420.100560,1.048376,
3420.110840,1.048527,
3420.146800,1.049840,
3420.157080,1.049992,
3420.235600,1.052536,
3420.328320,1.055190,
3440.063600,1.049915,
3440.109840,1.051218,
3440.120120,1.051368,
3440.156080,1.052673,
3440.166360,1.052824,
3440.248800,1.055466,
3460.099120,1.050698,
3460.145360,1.051993,
3460.155640,1.052142,
3460.191600,1.053440,
3460.201880,1.053589,
3460.261280,1.055557,
3480.098960,1.050818,
3480.145200,1.052106,
3480.155480,1.052254,
3480.191440,1.053544,
3480.201720,1.053693,
3480.258960,1.055588,
3500.100560,1.050898,
3500.110840,1.051046,
3500.146800,1.052328,
3500.157080,1.052476,
3500.196480,1.053856,
3500.264800,1.055760,
3520.100560,1.051097,
3520.110840,1.051244,
3520.146800,1.052520,
3520.157080,1.052667,
3520.197120,1.054057,
3520.279520,1.056346,
3540.057680,1.051117,
3540.103920,1.052383,
3540.114200,1.052529,
3540.150160,1.053797,
3540.160440,1.053943,
3540.220560,1.055887,
3560.088560,1.051097,
3560.134800,1.052356,
3560.145080,1.052501,
3560.181040,1.053762,
3560.191320,1.053907,
3560.255520,1.055953,
3580.097040,1.051317,
3580.143280,1.052568,
3580.153560,1.052712,
3580.189520,1.053967,
3580.199800,1.054111,
3580.293040,1.056948,
3600.051280,1.051721,
3600.100560,1.052964,
3600.110840,1.053108,
3600.146800,1.054355,
3600.157080,1.054498,
3600.234960,1.056898,
3620.100560,1.052349,
3620.110840,1.052492,
3620.146800,1.053732,
3620.157080,1.053875,
3620.206720,1.055489,
3620.286000,1.057629,
3640.100560,1.053116,
3640.110840,1.053258,
3640.146800,1.054492,
3640.157080,1.054634,
3640.204560,1.056180,
3640.272640,1.058004,
3660.047280,1.052797,
3660.100560,1.054019,
3660.110840,1.054160,
3660.146800,1.055387,
3660.157080,1.055528,
3660.199120,1.056920,
3680.099920,1.052426,
3680.146160,1.053643,
3680.156440,1.053783,
3680.192400,1.055004,
3680.202680,1.055144,
3680.255280,1.056811,
3700.050160,1.051700,
3700.088400,1.052697,
3700.134640,1.053908,
3700.144920,1.054047,
3700.180880,1.055261,
3700.191160,1.055401,
3720.044400,1.050230,
3720.100560,1.051432,
3720.110840,1.051571,
3720.146800,1.052778,
3720.157080,1.052917,
3720.203280,1.054396,
3740.038160,1.049181,
3740.094960,1.050301,
3740.141200,1.051498,
3740.151480,1.051637,
3740.187440,1.052837,
3740.197720,1.052975,
3760.087920,1.048441,
3760.134160,1.049633,
3760.144440,1.049770,
3760.180400,1.050964,
3760.190680,1.051102,
3760.272160,1.053494,
3780.100560,1.049166,
3780.110840,1.049303,
3780.146800,1.050490,
3780.157080,1.050627,
3780.200800,1.052018,
3780.263360,1.053630,
3800.043760,1.048590,
3800.100560,1.049766,
3800.110840,1.049902,
3800.146800,1.051084,
3800.157080,1.051220,
3800.249760,1.053878,
3820.047280,1.048904,
3820.074960,1.049596,
3820.121200,1.050769,
3820.131480,1.050904,
3820.167440,1.052080,
3820.177720,1.052215,
3840.057840,1.047390,
3840.104080,1.048557,
3840.114360,1.048692,
3840.150320,1.049861,
3840.160600,1.049996,
3840.209200,1.051491,
3860.090160,1.047113,
3860.136400,1.048274,
3860.146680,1.048408,
3860.182640,1.049571,
3860.192920,1.049705,
3860.231680,1.050940,
3880.047920,1.046061,
3880.076240,1.046759,
3880.122480,1.047913,
3880.132760,1.048047,
3880.168720,1.049204,
3880.179000,1.049337,
3900.100560,1.045138,
3900.110840,1.045271,
3900.146800,1.046422,
3900.157080,1.046555,
3900.203600,1.047974,
3900.299120,1.050373,
3920.100560,1.046222,
3920.110840,1.046354,
3920.146800,1.047500,
3920.157080,1.047631,
3920.211600,1.049245,
3920.280720,1.050966,
3940.100560,1.046828,
3940.110840,1.046959,
3940.146800,1.048099,
3940.157080,1.048230,
3940.212000,1.049846,
3940.294240,1.051887,
3960.100560,1.047769,
3960.110840,1.047900,
3960.146800,1.049034,
3960.157080,1.049164,
3960.216960,1.050896,
3960.289680,1.052689,
3980.100560,1.048587,
3980.110840,1.048717,
3980.146800,1.049845,
3980.157080,1.049975,
3980.205200,1.051405,
3980.293040,1.053565,
4000.100560,1.049480,
4000.110840,1.049609,
4000.146800,1.050731,
4000.157080,1.050861,
4000.200080,1.052157,
4000.300080,1.054607,
4020.100560,1.050539,
4020.110840,1.050668,
4020.146800,1.051784,
4020.157080,1.051913,
4020.202400,1.053260,
4020.272880,1.054971,
4040.100560,1.050914,
4040.110840,1.051042,
4040.146800,1.052154,
4040.157080,1.052282,
4040.198320,1.053523,
4040.262080,1.055060,
4060.049040,1.050399,
4060.100560,1.051501,
4060.110840,1.051628,
4060.146800,1.052734,
4060.157080,1.052862,
4060.202720,1.054204,
4080.100560,1.050172,
4080.110840,1.050299,
4080.146800,1.051399,
4080.157080,1.051526,
4080.204320,1.052900,
4080.264320,1.054332,
4100.100560,1.050335,
4100.110840,1.050461,
4100.146800,1.051556,
4100.157080,1.051683,
4100.218720,1.053397,
4100.299360,1.055320,
4120.036400,1.050585,
4120.100560,1.051668,
4120.110840,1.051793,
4120.146800,1.052883,
4120.157080,1.053008,
4120.211120,1.054532,
4140.044880,1.049902,
4140.100560,1.050981,
4140.110840,1.051106,
4140.146800,1.052191,
4140.157080,1.052316,
4140.231440,1.054318,
4160.053360,1.049815,
4160.100560,1.050892,
4160.110840,1.051016,
4160.146800,1.052096,
4160.157080,1.052220,
4160.249520,1.054643,
4180.100560,1.050717,
4180.110840,1.050841,
4180.146800,1.051915,
4180.157080,1.052039,
4180.209840,1.053511,
4180.274320,1.055014,
4200.069840,1.050754,
4200.116080,1.051820,
4200.126360,1.051944,
4200.162320,1.053013,
4200.172600,1.053136,
4200.221840,1.054518,
4220.100560,1.050623,
4220.110840,1.050746,
4220.146800,1.051810,
4220.157080,1.051932,
4220.193440,1.053006,
4220.262720,1.054607,
4240.089840,1.050617,
4240.136080,1.051674,
4240.146360,1.051796,
4240.182320,1.052855,
4240.192600,1.052977,
4240.258160,1.054726,
4260.088560,1.050739,
4260.134800,1.051790,
4260.145080,1.051912,
4260.181040,1.052966,
4260.191320,1.053087,
4260.268000,1.055087,
4280.098800,1.051236,
4280.145040,1.052282,
4280.155320,1.052403,
4280.191280,1.053452,
4280.201560,1.053573,
4280.254800,1.055021,
4300.100560,1.051205,
4300.110840,1.051325,
4300.146800,1.052370,
4300.157080,1.052490,
4300.196960,1.053624,
4300.249840,1.054819,
4320.100560,1.051020,
4320.110840,1.051140,
4320.146800,1.052179,
4320.157080,1.052299,
4320.207040,1.053659,
4320.296480,1.055685,
4340.074960,1.051622,
4340.121200,1.052654,
4340.131480,1.052774,
4340.167440,1.053808,
4340.177720,1.053927,
4340.242560,1.055620,
4360.100560,1.051851,
4360.110840,1.051970,
4360.146800,1.052999,
4360.157080,1.053118,
4360.222240,1.054810,
4360.312720,1.056842,
4380.049360,1.052529,
4380.099120,1.053534,
4380.145360,1.054557,
4380.155640,1.054675,
4380.191600,1.055700,
4380.201880,1.055818,
4400.100560,1.052072,
4400.110840,1.052190,
4400.146800,1.053210,
4400.157080,1.053328,
4400.195280,1.054399,
4400.248320,1.055570,
4420.066640,1.051477,
4420.108800,1.052399,
4420.155040,1.053413,
4420.165320,1.053530,
4420.201280,1.054546,
4420.211560,1.054663,
4440.062480,1.050538,
4440.108720,1.051547,
4440.119000,1.051664,
4440.154960,1.052675,
4440.165240,1.052791,
4440.236000,1.054578,
4460.100560,1.050896,
4460.110840,1.051012,
4460.146800,1.052019,
4460.157080,1.052135,
4460.196240,1.053213,
4460.282000,1.055094,
4480.032400,1.050692,
4480.100560,1.051687,
4480.110840,1.051803,
4480.146800,1.052805,
4480.157080,1.052920,
4480.236400,1.054880,
4500.062160,1.050812,
4500.108400,1.051808,
4500.118680,1.051922,
4500.154640,1.052920,
4500.164920,1.053035,
4500.249840,1.055109,
4520.094480,1.051412,
4520.140720,1.052403,
4520.151000,1.052517,
4520.186960,1.053510,
4520.197240,1.053625,
4520.249440,1.054974,
4540.040560,1.050711,
4540.100560,1.051695,
4540.110840,1.051809,
4540.146800,1.052798,
4540.157080,1.052912,
4540.224400,1.054584,
4560.100560,1.050980,
4560.110840,1.051094,
4560.146800,1.052078,
4560.157080,1.052192,
4560.202960,1.053392,
4560.267040,1.054761,
4580.081840,1.050982,
4580.128080,1.051960,
4580.138360,1.052073,
4580.174320,1.053053,
4580.184600,1.053166,
4580.234960,1.054458,
4600.100560,1.050888,
4600.110840,1.051001,
4600.146800,1.051977,
4600.157080,1.052089,
4600.241760,1.054113,
4600.340000,1.056205,
4620.097840,1.052639,
4620.144080,1.053609,
4620.154360,1.053721,
4620.190320,1.054692,
4620.200600,1.054804,
4620.283680,1.056785,
4640.050480,1.052720,
4640.100560,1.053684,
4640.110840,1.053796,
4640.146800,1.054763,
4640.157080,1.054875,
4640.230240,1.056636,
4660.100560,1.053102,
4660.110840,1.053213,
4660.146800,1.054176,
4660.157080,1.054287,
4660.205360,1.055512,
4660.268160,1.056825,
4680.100560,1.053314,
4680.110840,1.053425,
4680.146800,1.054384,
4680.157080,1.054495,
4680.216080,1.055941,
4680.298880,1.057671,
4700.100560,1.054178,
4700.110840,1.054288,
4700.146800,1.055244,
4700.157080,1.055354,
4700.196720,1.056386,
4700.249280,1.057472,
4720.098960,1.053968,
4720.145200,1.054917,
4720.155480,1.055026,
4720.191440,1.055978,
4720.201720,1.056087,
4720.285360,1.058038,
4740.100560,1.054570,
4740.110840,1.054679,
4740.146800,1.055626,
4740.157080,1.055735,
4740.199280,1.056813,
4740.264080,1.058145,
4760.063760,1.054309,
4760.094080,1.054919,
4760.140320,1.055860,
4760.150600,1.055968,
4760.186560,1.056912,
4760.196840,1.057020,
4780.075280,1.053307,
4780.121520,1.054244,
4780.131800,1.054353,
4780.167760,1.055292,
4780.178040,1.055400,
4780.266480,1.057426,
4800.062480,1.053611,
4800.108720,1.054544,
4800.119000,1.054652,
4800.154960,1.055588,
4800.165240,1.055695,
4800.215760,1.056931,
4820.076880,1.053270,
4820.123120,1.054199,
4820.133400,1.054306,
4820.169360,1.055238,
4820.179640,1.055345,
4820.217280,1.056311,
4840.033040,1.052224,
4840.100560,1.053145,
4840.110840,1.053252,
4840.146800,1.054180,
4840.157080,1.054286,
4840.214160,1.055646,
4860.045200,1.051701,
4860.100560,1.052620,
4860.110840,1.052727,
4860.146800,1.053650,
4860.157080,1.053757,
4860.204080,1.054905,
4880.039440,1.050919,
4880.092880,1.051757,
4880.139120,1.052675,
4880.149400,1.052781,
4880.185360,1.053701,
4880.195640,1.053807,
4900.077520,1.050220,
4900.114320,1.050944,
4900.160560,1.051858,
4900.170840,1.051963,
4900.206800,1.052880,
4900.217080,1.052985,
4920.043120,1.049079,
4920.100560,1.049987,
4920.110840,1.050092,
4920.146800,1.051004,
4920.157080,1.051110,
4920.246720,1.053102,
4940.100560,1.049786,
4940.110840,1.049891,
4940.146800,1.050800,
4940.157080,1.050904,
4940.204720,1.052047,
4940.266640,1.053268,
4960.043280,1.049404,
4960.068560,1.049889,
4960.114800,1.050792,
4960.125080,1.050896,
4960.161040,1.051801,
4960.171320,1.051906,
4980.100560,1.048605,
4980.110840,1.048709,
4980.146800,1.049611,
4980.157080,1.049715,
4980.198800,1.050731,
4980.271280,1.052152,
5000.100560,1.048885,
5000.110840,1.048988,
5000.146800,1.049886,
5000.157080,1.049989,
5000.201040,1.051046,
5000.276640,1.052523,
5020.074160,1.049011,
5020.120400,1.049903,
5020.130680,1.050006,
5020.166640,1.050901,
5020.176920,1.051004,
5020.214480,1.051930,
5040.042640,1.048115,
5040.100560,1.049001,
5040.110840,1.049104,
5040.146800,1.049995,
5040.157080,1.050097,
5040.209440,1.051310,
5060.038160,1.047469,
5060.070480,1.048060,
5060.116720,1.048945,
5060.127000,1.049047,
5060.162960,1.049935,
5060.173240,1.050037,
5080.067280,1.046489,
5080.113520,1.047370,
5080.123800,1.047472,
5080.159760,1.048356,
5080.170040,1.048458,
5080.216640,1.049549,
5100.100560,1.046345,
5100.110840,1.046446,
5100.146800,1.047327,
5100.157080,1.047428,
5100.204800,1.048537,
5100.275520,1.049890,
5120.058800,1.046310,
5120.105040,1.047185,
5120.115320,1.047286,
5120.151280,1.048163,
5120.161560,1.048264,
5120.237360,1.049911,
5140.087280,1.046608,
5140.133520,1.047479,
5140.143800,1.047580,
5140.179760,1.048454,
5140.190040,1.048554,
5140.236800,1.049636,
5160.100560,1.046473,
5160.110840,1.046573,
5160.146800,1.047443,
5160.157080,1.047543,
5160.211280,1.048763,
5160.303360,1.050510,
5180.078480,1.047161,
5180.124720,1.048026,
5180.135000,1.048126,
5180.170960,1.048992,
5180.181240,1.049092,
5180.228000,1.050165,
5200.058000,1.046622,
5200.102480,1.047450,
5200.148720,1.048312,
5200.159000,1.048411,
5200.194960,1.049275,
5200.205240,1.049374,
5220.100560,1.046242,
5220.110840,1.046341,
5220.146800,1.047201,
5220.157080,1.047300,
5220.207760,1.048439,
5220.277040,1.049734,
5240.059920,1.046248,
5240.106160,1.047102,
5240.116440,1.047201,
5240.152400,1.048058,
5240.162680,1.048157,
5240.221200,1.049440,
5260.078160,1.046126,
5260.113920,1.046780,
5260.160160,1.047632,
5260.170440,1.047730,
5260.206400,1.048584,
5260.216680,1.048682,
5280.100560,1.045591,
5280.110840,1.045689,
5280.146800,1.046539,
5280.157080,1.046637,
5280.193360,1.047493,
5280.254880,1.048628,
5300.100560,1.045556,
5300.110840,1.045654,
5300.146800,1.046501,
5300.157080,1.046598,
5300.199680,1.047570,
5300.265120,1.048773,
5320.067280,1.045408,
5320.113520,1.046250,
5320.123800,1.046347,
5320.159760,1.047191,
5320.170040,1.047288,
5320.236320,1.048696,
5340.040560,1.045093,
5340.100560,1.045929,
5340.110840,1.046026,
5340.146800,1.046867,
5340.157080,1.046964,
5340.234800,1.048579,
5360.100560,1.045537,
5360.110840,1.045634,
5360.146800,1.046471,
5360.157080,1.046568,
5360.197360,1.047485,
5360.271840,1.048842,
5380.100560,1.045818,
5380.110840,1.045915,
5380.146800,1.046749,
5380.157080,1.046845,
5380.210720,1.048005,
5380.304240,1.049707,
5400.059120,1.046322,
5400.105360,1.047151,
5400.115640,1.047247,
5400.151600,1.048079,
5400.161880,1.048175,
5400.200320,1.049051,
5420.057040,1.045642,
5420.103280,1.046469,
5420.113560,1.046564,
5420.149520,1.047393,
5420.159800,1.047488,
5420.243600,1.049190,
5440.074640,1.045959,
5440.117760,1.046726,
5440.164000,1.047549,
5440.174280,1.047644,
5440.210240,1.048470,
5440.220520,1.048565,
5460.100560,1.045576,
5460.110840,1.045671,
5460.146800,1.046493,
5460.157080,1.046588,
5460.195840,1.047461,
5460.249360,1.048414,
5480.072880,1.045195,
5480.111840,1.045881,
5480.158080,1.046698,
5480.168360,1.046793,
5480.204320,1.047612,
5480.214600,1.047706,
5500.100560,1.044742,
5500.110840,1.044836,
5500.146800,1.045652,
5500.157080,1.045746,
5500.197040,1.046635,
5500.250560,1.047580,
5520.100560,1.044633,
5520.110840,1.044727,
5520.146800,1.045540,
5520.157080,1.045634,
5520.204880,1.046660,
5520.278800,1.047967,
5540.100560,1.045035,
5540.110840,1.045129,
5540.146800,1.045939,
5540.157080,1.046032,
5540.203840,1.047036,
5540.264800,1.048107,
5560.092720,1.045114,
5560.138960,1.045919,
5560.149240,1.046012,
5560.185200,1.046820,
5560.195480,1.046913,
5560.270640,1.048418,
5580.076880,1.045296,
5580.123120,1.046099,
5580.133400,1.046191,
5580.169360,1.046996,
5580.179640,1.047089,
5580.217120,1.047921,
5600.080720,1.044835,
5600.126960,1.045635,
5600.137240,1.045727,
5600.173200,1.046529,
5600.183480,1.046621,
5600.256480,1.048078,
5620.100560,1.045183,
5620.110840,1.045275,
5620.146800,1.046074,
5620.157080,1.046166,
5620.193520,1.046973,
5620.264800,1.048211,
5640.090960,1.045244,
5640.137200,1.046038,
5640.147480,1.046130,
5640.183440,1.046926,
5640.193720,1.047018,
5640.235760,1.047921,
5660.100560,1.045043,
5660.110840,1.045134,
5660.146800,1.045928,
5660.157080,1.046019,
5660.201200,1.046955,
5660.266400,1.048078,
5680.061200,1.044876,
5680.107440,1.045665,
5680.117720,1.045756,
5680.153680,1.046546,
5680.163960,1.046637,
5680.251120,1.048320,
5700.089360,1.045367,
5700.135600,1.046153,
5700.145880,1.046244,
5700.181840,1.047032,
5700.192120,1.047123,
5700.242240,1.048156,
5720.082000,1.045150,
5720.125360,1.045883,
5720.171600,1.046667,
5720.181880,1.046757,
5720.217840,1.047542,
5720.228120,1.047632,
5740.099440,1.044785,
5740.145680,1.045565,
5740.155960,1.045655,
5740.191920,1.046437,
5740.202200,1.046528,
5740.273120,1.047913,
5760.083120,1.044943,
5760.129360,1.045721,
5760.139640,1.045811,
5760.175600,1.046590,
5760.185880,1.046680,
5760.263280,1.048172,
5780.100560,1.045358,
5780.110840,1.045447,
5780.146800,1.046224,
5780.157080,1.046313,
5780.201040,1.047227,
5780.278560,1.048538,
5800.100560,1.045735,
5800.110840,1.045824,
5800.146800,1.046598,
5800.157080,1.046688,
5800.204000,1.047649,
5800.264880,1.048671,
5820.079600,1.045698,
5820.125840,1.046468,
5820.136120,1.046557,
5820.172080,1.047328,
5820.182360,1.047417,
5820.270080,1.049069,
5840.086320,1.046163,
5840.132560,1.046930,
5840.142840,1.047018,
5840.178800,1.047787,
5840.189080,1.047876,
5840.241680,1.048926,
5860.090320,1.046059,
5860.136560,1.046823,
5860.146840,1.046912,
5860.182800,1.047678,
5860.193080,1.047766,
5860.242960,1.048767,
5880.100560,1.045996,
5880.110840,1.046084,
5880.146800,1.046847,
5880.157080,1.046935,
5880.203120,1.047869,
5880.262080,1.048844,
5900.044400,1.045619,
5900.100560,1.046377,
5900.110840,1.046464,
5900.146800,1.047225,
5900.157080,1.047313,
5900.219280,1.048514,
5920.054000,1.045373,
5920.089040,1.045942,
5920.135280,1.046699,
5920.145560,1.046786,
5920.181520,1.047545,
5920.191800,1.047632,
5940.100560,1.044883,
5940.110840,1.044970,
5940.146800,1.045726,
5940.157080,1.045813,
5940.211440,1.046876,
5940.296720,1.048280,
5960.036880,1.045034,
5960.089680,1.045693,
5960.135920,1.046445,
5960.146200,1.046531,
5960.182160,1.047285,
5960.192440,1.047372,
5980.048240,1.044214,
5980.100560,1.044962,
5980.110840,1.045048,
5980.146800,1.045799,
5980.157080,1.045886,
5980.250560,1.047588,
6000.100560,1.044877,
6000.110840,1.044963,
6000.146800,1.045712,
6000.157080,1.045798,
6000.193280,1.046550,
6000.283360,1.048020,
6020.050000,1.044911,
6020.100560,1.045654,
6020.110840,1.045740,
6020.146800,1.046486,
6020.157080,1.046572,
6020.202720,1.047477,
6040.033520,1.044233,
6040.088880,1.044876,
6040.135120,1.045618,
6040.145400,1.045703,
6040.181360,1.046447,
6040.191640,1.046532,
6060.042160,1.043370,
6060.082960,1.043965,
6060.129200,1.044704,
6060.139480,1.044789,
6060.175440,1.045530,
6060.185720,1.045615,
6080.100560,1.042935,
6080.110840,1.043020,
6080.146800,1.043759,
6080.157080,1.043844,
6080.228160,1.045154,
6080.324960,1.046714,
6100.100560,1.044063,
6100.110840,1.044148,
6100.146800,1.044884,
6100.157080,1.044969,
6100.207120,1.045933,
6100.286880,1.047211,
6120.078960,1.044388,
6120.125200,1.045120,
6120.135480,1.045204,
6120.171440,1.045938,
6120.181720,1.046023,
6120.241760,1.047146,
6140.035280,1.043976,
6140.100560,1.044702,
6140.110840,1.044786,
6140.146800,1.045518,
6140.157080,1.045602,
6140.221680,1.046795,
6160.100560,1.044152,
6160.110840,1.044236,
6160.146800,1.044965,
6160.157080,1.045049,
6160.206480,1.045994,
6160.292400,1.047358,
6180.086480,1.044622,
6180.132720,1.045347,
6180.143000,1.045431,
6180.178960,1.046157,
6180.189240,1.046241,
6180.247840,1.047330,
6200.051440,1.044319,
6200.100560,1.045041,
6200.110840,1.045125,
6200.146800,1.045849,
6200.157080,1.045932,
6200.214880,1.047005,
6220.091600,1.044315,
6220.137840,1.045035,
6220.148120,1.045119,
6220.184080,1.045840,
6220.194360,1.045924,
6220.233120,1.046690,
6240.100560,1.044083,
6240.110840,1.044166,
6240.146800,1.044886,
6240.157080,1.044969,
6240.214080,1.046022,
6240.282240,1.047087,
6260.100560,1.044496,
6260.110840,1.044578,
6260.146800,1.045296,
6260.157080,1.045378,
6260.194560,1.046120,
6260.290800,1.047625,
6280.088880,1.044951,
6280.135120,1.045664,
6280.145400,1.045746,
6280.181360,1.046461,
6280.191640,1.046544,
6280.242000,1.047486,
6300.100560,1.044903,
6300.110840,1.044985,
6300.146800,1.045698,
6300.157080,1.045780,
6300.200720,1.046613,
6300.274160,1.047751,
6320.100560,1.045181,
6320.110840,1.045263,
6320.146800,1.045973,
6320.157080,1.046055,
6320.213280,1.047082,
6320.314480,1.048652,
6340.082320,1.045952,
6340.128560,1.046659,
6340.138840,1.046740,
6340.174800,1.047449,
6340.185080,1.047530,
6340.224400,1.048291,
6360.059920,1.045414,
6360.106160,1.046118,
6360.116440,1.046200,
6360.152400,1.046906,
6360.162680,1.046987,
6360.204640,1.047786,
6380.032080,1.044703,
6380.100560,1.045402,
6380.110840,1.045483,
6380.146800,1.046187,
6380.157080,1.046268,
6380.222880,1.047434,
6400.094320,1.044841,
6400.140560,1.045541,
6400.150840,1.045622,
6400.186800,1.046323,
6400.197080,1.046404,
6400.243680,1.047270,
6420.100560,1.044736,
6420.110840,1.044817,
6420.146800,1.045516,
6420.157080,1.045597,
6420.194160,1.046314,
6420.257840,1.047280,
6440.097360,1.044732,
6440.143600,1.045428,
6440.153880,1.045508,
6440.189840,1.046205,
6440.200120,1.046285,
6440.258000,1.047320,
6460.081840,1.044662,
6460.128080,1.045355,
6460.138360,1.045435,
6460.174320,1.046130,
6460.184600,1.046210,
6460.235920,1.047141,
6480.100560,1.044629,
6480.110840,1.044709,
6480.146800,1.045402,
6480.157080,1.045482,
6480.213920,1.046494,
6480.292000,1.047671,
6500.073680,1.044973,
6500.119920,1.045662,
6500.130200,1.045742,
6500.166160,1.046432,
6500.176440,1.046512,
6500.237920,1.047591,
6520.072240,1.044882,
6520.118480,1.045569,
6520.128760,1.045648,
6520.164720,1.046337,
6520.175000,1.046416,
6520.222480,1.047280,
6540.092080,1.044725,
6540.136560,1.045384,
6540.182800,1.046069,
6540.193080,1.046148,
6540.229040,1.046834,
6540.239320,1.046913,
6560.075600,1.044248,
6560.121840,1.044931,
6560.132120,1.045009,
6560.168080,1.045694,
6560.178360,1.045773,
6560.214720,1.046463,
6580.100560,1.043989,
6580.110840,1.044068,
6580.146800,1.044750,
6580.157080,1.044829,
6580.195200,1.045543,
6580.290560,1.046963,
6600.100560,1.044507,
6600.110840,1.044585,
6600.146800,1.045265,
6600.157080,1.045344,
6600.224160,1.046491,
6600.304720,1.047684,
6620.045200,1.044825,
6620.100560,1.045501,
6620.110840,1.045579,
6620.146800,1.046257,
6620.157080,1.046335,
6620.233920,1.047625,
6640.075440,1.044987,
6640.121680,1.045662,
6640.131960,1.045739,
6640.167920,1.046416,
6640.178200,1.046494,
6640.254480,1.047771,
6660.100560,1.045328,
6660.110840,1.045406,
6660.146800,1.046080,
6660.157080,1.046158,
6660.200400,1.046941,
6660.281840,1.048137,
6680.049680,1.045332,
6680.100560,1.046002,
6680.110840,1.046080,
6680.146800,1.046752,
6680.157080,1.046829,
6680.211920,1.047781,
6700.100560,1.045347,
6700.110840,1.045424,
6700.146800,1.046094,
6700.157080,1.046171,
6700.220080,1.047241,
6700.310400,1.048560,
6720.064400,1.045883,
6720.107200,1.046499,
6720.153440,1.047165,
6720.163720,1.047242,
6720.199680,1.047911,
6720.209960,1.047987,
6740.100560,1.045567,
6740.110840,1.045643,
6740.146800,1.046310,
6740.157080,1.046386,
6740.197200,1.047114,
6740.289280,1.048451,
6760.100560,1.046048,
6760.110840,1.046125,
6760.146800,1.046789,
6760.157080,1.046866,
6760.214240,1.047840,
6760.292400,1.048970,
6780.050640,1.046213,
6780.086800,1.046726,
6780.133040,1.047387,
6780.143320,1.047463,
6780.179280,1.048126,
6780.189560,1.048202,
6800.100560,1.045799,
6800.110840,1.045875,
6800.146800,1.046535,
6800.157080,1.046611,
6800.196320,1.047319,
6800.296240,1.048759,
6820.034000,1.045900,
6820.100560,1.046553,
6820.110840,1.046629,
6820.146800,1.047288,
6820.157080,1.047364,
6820.213280,1.048316,
6840.066960,1.045689,
6840.113200,1.046344,
6840.123480,1.046420,
6840.159440,1.047076,
6840.169720,1.047152,
6840.233520,1.048211,
6860.094000,1.045789,
6860.140240,1.046442,
6860.150520,1.046517,
6860.186480,1.047172,
6860.196760,1.047247,
6860.252000,1.048180,
6880.100560,1.045814,
6880.110840,1.045889,
6880.146800,1.046542,
6880.157080,1.046617,
6880.201360,1.047389,
6880.297200,1.048754,
6900.039120,1.045964,
6900.100560,1.046611,
6900.110840,1.046686,
6900.146800,1.047337,
6900.157080,1.047412,
6900.245040,1.048808,
6920.100560,1.046453,
6920.110840,1.046528,
6920.146800,1.047177,
6920.157080,1.047251,
6920.208320,1.048119,
6920.286320,1.049220,
6940.100560,1.046877,
6940.110840,1.046952,
6940.146800,1.047599,
6940.157080,1.047673,
6940.201920,1.048447,
6940.257520,1.049226,
6960.057840,1.046584,
6960.104080,1.047228,
6960.114360,1.047302,
6960.150320,1.047947,
6960.160600,1.048022,
6960.251440,1.049447,
6980.094000,1.047066,
6980.140240,1.047707,
6980.150520,1.047781,
6980.186480,1.048425,
6980.196760,1.048499,
6980.284960,1.049883,
7000.100560,1.047558,
7000.110840,1.047631,
7000.146800,1.048273,
7000.157080,1.048347,
7000.210400,1.049234,
7000.287440,1.050309,
7020.092400,1.047933,
7020.138560,1.048570,
7020.184800,1.049208,
7020.195080,1.049281,
7020.231040,1.049921,
7020.241320,1.049995,
7040.100080,1.047673,
7040.146320,1.048309,
7040.156600,1.048382,
7040.192560,1.049020,
7040.202840,1.049094,
7040.242960,1.049790,
7060.029040,1.046983,
7060.100560,1.047613,
7060.110840,1.047687,
7060.146800,1.048323,
7060.157080,1.048396,
7060.246080,1.049775,
7080.090640,1.047402,
7080.136880,1.048035,
7080.147160,1.048108,
7080.183120,1.048742,
7080.193400,1.048815,
7080.245280,1.049672,
7100.100560,1.047374,
7100.110840,1.047447,
7100.146800,1.048080,
7100.157080,1.048153,
7100.224960,1.049230,
7100.310320,1.050406,
7120.100560,1.048122,
7120.110840,1.048195,
7120.146800,1.048826,
7120.157080,1.048898,
7120.200480,1.049632,
7120.260960,1.050459,
7140.048560,1.047818,
7140.070880,1.048114,
7140.117120,1.048741,
7140.127400,1.048814,
7140.163360,1.049443,
7140.173640,1.049515,
7160.100560,1.047227,
7160.110840,1.047299,
7160.146800,1.047926,
7160.157080,1.047998,
7160.217760,1.048967,
7160.295920,1.050034,
7180.100560,1.047768,
7180.110840,1.047840,
7180.146800,1.048465,
7180.157080,1.048538,
7180.224480,1.049596,
7180.305680,1.050702,
7200.062320,1.048182,
7200.108560,1.048804,
7200.118840,1.048876,
7200.154800,1.049500,
7200.165080,1.049571,
7200.218800,1.050439,
7220.063280,1.047921,
7220.109520,1.048541,
7220.119800,1.048613,
7220.155760,1.049235,
7220.166040,1.049307,
7220.238720,1.050432,
7240.100560,1.048175,
7240.110840,1.048247,
7240.146800,1.048867,
7240.157080,1.048939,
7240.195200,1.049588,
7240.292080,1.050899,
7260.028720,1.048171,
7260.083120,1.048667,
7260.129360,1.049284,
7260.139640,1.049355,
7260.175600,1.049974,
7260.185880,1.050045,
7280.100560,1.047794,
7280.110840,1.047865,
7280.146800,1.048482,
7280.157080,1.048553,
7280.198000,1.049237,
7280.286400,1.050426,
7300.081520,1.048067,
7300.127760,1.048681,
7300.138040,1.048752,
7300.174000,1.049367,
7300.184280,1.049438,
7300.229200,1.050174,
7320.100560,1.047942,
7320.110840,1.048013,
7320.146800,1.048626,
7320.157080,1.048697,
7320.219120,1.049663,
7320.297680,1.050711,
7340.100560,1.048494,
7340.110840,1.048564,
7340.146800,1.049176,
7340.157080,1.049246,
7340.199840,1.049950,
7340.255120,1.050682,
7360.045040,1.048095,
7360.066880,1.048375,
7360.113120,1.048984,
7360.123400,1.049054,
7360.159360,1.049664,
7360.169640,1.049735,
7380.100560,1.047513,
7380.110840,1.047583,
7380.146800,1.048192,
7380.157080,1.048262,
7380.198720,1.048946,
7380.270240,1.049892,
7400.100560,1.047691,
7400.110840,1.047761,
7400.146800,1.048367,
7400.157080,1.048437,
7400.204400,1.049196,
7400.279120,1.050182,
7420.100560,1.047987,
7420.110840,1.048057,
7420.146800,1.048662,
7420.157080,1.048731,
7420.200880,1.049441,
7420.266400,1.050302,
7440.067920,1.047896,
7440.114160,1.048498,
7440.124440,1.048567,
7440.160400,1.049171,
7440.170680,1.049240,
7440.246000,1.050367,
7460.057200,1.047894,
7460.086240,1.048267,
7460.132480,1.048867,
7460.142760,1.048936,
7460.178720,1.049538,
7460.189000,1.049608,
7480.056720,1.047132,
7480.102960,1.047731,
7480.113240,1.047800,
7480.149200,1.048400,
7480.159480,1.048470,
7480.246320,1.049743,
7500.091120,1.047506,
7500.137360,1.048103,
7500.147640,1.048172,
7500.183600,1.048771,
7500.193880,1.048840,
7500.235760,1.049517,
7520.091760,1.047289,
7520.138000,1.047885,
7520.148280,1.047954,
7520.184240,1.048551,
7520.194520,1.048620,
7520.265920,1.049683,
7540.100560,1.047522,
7540.110840,1.047591,
7540.146800,1.048186,
7540.157080,1.048255,
7540.199040,1.048929,
7540.263280,1.049760,
7560.100560,1.047604,
7560.110840,1.047672,
7560.146800,1.048266,
7560.157080,1.048335,
7560.224800,1.049344,
7560.328000,1.050682,
7580.100560,1.048539,
7580.110840,1.048607,
7580.146800,1.049200,
7580.157080,1.049268,
7580.203760,1.050000,
7580.269600,1.050847,
7600.100560,1.048701,
7600.110840,1.048769,
7600.146800,1.049360,
7600.157080,1.049428,
7600.205200,1.050177,
7600.298320,1.051377,
7620.037520,1.048834,
7620.100560,1.049419,
7620.110840,1.049487,
7620.146800,1.050076,
7620.157080,1.050144,
7620.221120,1.051098,
7640.100560,1.048956,
7640.110840,1.049024,
7640.146800,1.049611,
7640.157080,1.049679,
7640.231120,1.050760,
7640.320400,1.051904,
7660.061680,1.049530,
7660.107920,1.050115,
7660.118200,1.050182,
7660.154160,1.050768,
7660.164440,1.050836,
7660.218560,1.051657,
7680.100560,1.049524,
7680.110840,1.049591,
7680.146800,1.050176,
7680.157080,1.050243,
7680.223680,1.051223,
7680.301040,1.052207,
7700.087120,1.050004,
7700.133360,1.050585,
7700.143640,1.050653,
7700.179600,1.051236,
7700.189880,1.051303,
7700.247760,1.052168,
7720.049520,1.049725,
7720.100560,1.050304,
7720.110840,1.050371,
7720.146800,1.050953,
7720.157080,1.051020,
7720.222800,1.051983,
7740.094800,1.049830,
7740.141040,1.050409,
7740.151320,1.050476,
7740.187280,1.051056,
7740.197560,1.051123,
7740.254800,1.051975,
7760.029360,1.049419,
7760.100560,1.049993,
7760.110840,1.050059,
7760.146800,1.050638,
7760.157080,1.050705,
7760.204640,1.051431,
7780.100560,1.049324,
7780.110840,1.049391,
7780.146800,1.049968,
7780.157080,1.050034,
7780.227280,1.051047,
7780.326880,1.052301,
7800.100560,1.050214,
7800.110840,1.050280,
7800.146800,1.050856,
7800.157080,1.050922,
7800.200000,1.051586,
7800.261520,1.052354,
7820.036720,1.049864,
7820.100560,1.050435,
7820.110840,1.050501,
7820.146800,1.051075,
7820.157080,1.051141,
7820.249200,1.052426,
7840.100560,1.050339,
7840.110840,1.050405,
7840.146800,1.050977,
7840.157080,1.051043,
7840.197920,1.051678,
7840.255680,1.052394,
7860.100560,1.050313,
7860.110840,1.050379,
7860.146800,1.050950,
7860.157080,1.051016,
7860.204800,1.051735,
7860.293600,1.052841,
7880.076880,1.050622,
7880.117600,1.051121,
7880.163840,1.051690,
7880.174120,1.051755,
7880.210080,1.052325,
7880.220360,1.052391,
7900.100560,1.050316,
7900.110840,1.050381,
7900.146800,1.050950,
7900.157080,1.051015,
7900.204400,1.051726,
7900.305200,1.052976,
7920.080880,1.050794,
7920.127120,1.051360,
7920.137400,1.051425,
7920.173360,1.051992,
7920.183640,1.052057,
7920.224080,1.052680,
7940.100560,1.050615,
7940.110840,1.050681,
7940.146800,1.051246,
7940.157080,1.051311,
7940.208640,1.052071,
7940.283760,1.052995,
7960.078000,1.050804,
7960.119440,1.051307,
7960.165680,1.051870,
7960.175960,1.051935,
7960.211920,1.052499,
7960.222200,1.052564,
7980.072400,1.050336,
7980.108240,1.050769,
7980.154480,1.051330,
7980.164760,1.051395,
7980.200720,1.051958,
7980.211000,1.052022,
8000.100560,1.049973,
8000.110840,1.050037,
8000.146800,1.050599,
8000.157080,1.050663,
8000.214480,1.051490,
8000.303200,1.052575,
8020.091280,1.050485,
8020.137520,1.051043,
8020.147800,1.051108,
8020.183760,1.051668,
8020.194040,1.051732,
8020.266080,1.052737,
8040.100560,1.050703,
8040.110840,1.050768,
8040.146800,1.051326,
8040.157080,1.051390,
8040.202000,1.052059,
8040.268000,1.052859,
8060.059280,1.050580,
8060.105520,1.051136,
8060.115800,1.051200,
8060.151760,1.051757,
8060.162040,1.051821,
8060.239680,1.052890,
8080.052880,1.050573,
8080.100560,1.051128,
8080.110840,1.051192,
8080.146800,1.051747,
8080.157080,1.051811,
8080.221120,1.052711,
8100.100560,1.050686,
8100.110840,1.050750,
8100.146800,1.051304,
8100.157080,1.051368,
8100.211120,1.052143,
8100.276960,1.052936,
8120.050480,1.050621,
8120.100560,1.051172,
8120.110840,1.051236,
8120.146800,1.051789,
8120.157080,1.051853,
8120.206640,1.052571,
8140.050000,1.050251,
8140.100560,1.050801,
8140.110840,1.050864,
8140.146800,1.051416,
8140.157080,1.051479,
8140.245920,1.052674,
8160.054640,1.050392,
8160.086480,1.050766,
8160.132720,1.051315,
8160.143000,1.051379,
8160.178960,1.051929,
8160.189240,1.051992,
8180.097520,1.049967,
8180.143760,1.050515,
8180.154040,1.050578,
8180.190000,1.051127,
8180.200280,1.051190,
8180.244480,1.051838,
8200.100560,1.049844,
8200.110840,1.049907,
8200.146800,1.050454,
8200.157080,1.050517,
8200.193440,1.051070,
8200.257760,1.051834,
8220.049200,1.049540,
8220.100560,1.050084,
8220.110840,1.050147,
8220.146800,1.050694,
8220.157080,1.050757,
8220.219120,1.051617,
8240.100560,1.049629,
8240.110840,1.049692,
8240.146800,1.050237,
8240.157080,1.050299,
8240.217120,1.051133,
8240.294080,1.052046,
8260.088560,1.050000,
8260.134800,1.050543,
8260.145080,1.050605,
8260.181040,1.051149,
8260.191320,1.051211,
8260.230880,1.051798,
8280.092080,1.049771,
8280.138320,1.050312,
8280.148600,1.050374,
8280.184560,1.050917,
8280.194840,1.050979,
8280.251600,1.051770,
8300.072720,1.049636,
8300.114240,1.050120,
8300.160480,1.050659,
8300.170760,1.050722,
8300.206720,1.051262,
8300.217000,1.051325,
8320.076080,1.049213,
8320.122320,1.049751,
8320.132600,1.049813,
8320.168560,1.050353,
8320.178840,1.050415,
8320.270240,1.051614,
8340.056720,1.049399,
8340.102960,1.049936,
8340.113240,1.049998,
8340.149200,1.050537,
8340.159480,1.050599,
8340.202800,1.051224,
8360.100560,1.049264,
8360.110840,1.049326,
8360.146800,1.049863,
8360.157080,1.049925,
8360.204080,1.050593,
8360.275040,1.051421,
8380.030000,1.049062,
8380.100560,1.049593,
8380.110840,1.049655,
8380.146800,1.050191,
8380.157080,1.050252,
8380.213760,1.051033,
8400.054000,1.048812,
8400.094160,1.049274,
8400.140400,1.049807,
8400.150680,1.049869,
8400.186640,1.050403,
8400.196920,1.050465,
8420.073200,1.048360,
8420.119440,1.048892,
8420.129720,1.048954,
8420.165680,1.049487,
8420.175960,1.049549,
8420.242720,1.050444,
8440.069040,1.048326,
8440.115280,1.048857,
8440.125560,1.048918,
8440.161520,1.049450,
8440.171800,1.049511,
8440.219920,1.050186,
8460.098320,1.048240,
8460.144560,1.048770,
8460.154840,1.048831,
8460.190800,1.049362,
8460.201080,1.049423,
8460.263440,1.050262,
8480.100560,1.048339,
8480.110840,1.048400,
8480.146800,1.048930,
8480.157080,1.048991,
8480.218480,1.049817,
8480.290400,1.050645,
8500.072560,1.048568,
8500.118800,1.049095,
8500.129080,1.049156,
8500.165040,1.049684,
8500.175320,1.049745,
8500.233280,1.050529,
8520.100560,1.048611,
8520.110840,1.048672,
8520.146800,1.049199,
8520.157080,1.049260,
8520.215520,1.050048,
8520.293200,1.050938,
8540.100560,1.049031,
8540.110840,1.049092,
8540.146800,1.049618,
8540.157080,1.049678,
8540.208000,1.050377,
8540.303120,1.051468,
8560.100560,1.049565,
8560.110840,1.049626,
8560.146800,1.050150,
8560.157080,1.050211,
8560.213440,1.050971,
8560.298000,1.051937,
8580.100560,1.050037,
8580.110840,1.050097,
8580.146800,1.050621,
8580.157080,1.050681,
8580.226080,1.051585,
8580.319520,1.052652,
8600.100560,1.050757,
8600.110840,1.050817,
8600.146800,1.051339,
8600.157080,1.051399,
8600.230400,1.052351,
8600.334000,1.053532,
8620.069520,1.051465,
8620.115760,1.051985,
8620.126040,1.052045,
8620.162000,1.052566,
8620.172280,1.052626,
8620.208640,1.053151,
8640.100560,1.051251,
8640.110840,1.051311,
8640.146800,1.051830,
8640.157080,1.051890,
8640.217280,1.052687,
8640.315760,1.053804,
8660.077040,1.051786,
8660.123280,1.052304,
8660.133560,1.052363,
8660.169520,1.052882,
8660.179800,1.052942,
8660.217120,1.053476,
8680.100560,1.051584,
8680.110840,1.051644,
8680.146800,1.052161,
8680.157080,1.052221,
8680.219120,1.053035,
8680.322480,1.054202,
8700.100560,1.052326,
8700.110840,1.052386,
8700.146800,1.052902,
8700.157080,1.052961,
8700.216480,1.053744,
8700.294080,1.054615,
8720.100560,1.052739,
8720.110840,1.052799,
8720.146800,1.053313,
8720.157080,1.053373,
8720.212640,1.054110,
8720.305440,1.055152,
8740.086800,1.053203,
8740.133040,1.053716,
8740.143320,1.053775,
8740.179280,1.054289,
8740.189560,1.054348,
8740.225840,1.054865,
8760.100560,1.052989,
8760.110840,1.053048,
8760.146800,1.053560,
8760.157080,1.053619,
8760.200400,1.054215,
8760.281120,1.055116,
8780.100560,1.053250,
8780.110840,1.053309,
8780.146800,1.053820,
8780.157080,1.053879,
8780.220480,1.054700,
8780.312400,1.055725,
8800.031120,1.053479,
8800.100560,1.053985,
8800.110840,1.054044,
8800.146800,1.054554,
8800.157080,1.054613,
8800.230480,1.055544,
8820.100560,1.053680,
8820.110840,1.053738,
8820.146800,1.054247,
8820.157080,1.054306,
8820.208880,1.054993,
8820.282880,1.055812,
8840.100560,1.053957,
8840.110840,1.054016,
8840.146800,1.054524,
8840.157080,1.054582,
8840.207920,1.055257,
8840.277760,1.056027,
8860.100560,1.054176,
8860.110840,1.054234,
8860.146800,1.054741,
8860.157080,1.054799,
8860.198000,1.055362,
8860.265440,1.056104,
8880.100560,1.054255,
8880.110840,1.054313,
8880.146800,1.054819,
8880.157080,1.054877,
8880.204240,1.055507,
8880.275040,1.056285,
8900.100560,1.054441,
8900.110840,1.054499,
8900.146800,1.055004,
8900.157080,1.055062,
8900.197920,1.055621,
8900.251680,1.056207,
8920.100560,1.054365,
8920.110840,1.054423,
8920.146800,1.054926,
8920.157080,1.054984,
8920.197760,1.055540,
8920.254640,1.056160,
8940.075440,1.054184,
8940.121680,1.054685,
8940.131960,1.054743,
8940.167920,1.055246,
8940.178200,1.055303,
8940.267440,1.056395,
8960.068880,1.054389,
8960.115120,1.054889,
8960.125400,1.054947,
8960.161360,1.055448,
8960.171640,1.055506,
8960.229120,1.056244,
8980.066800,1.054227,
8980.101920,1.054604,
8980.148160,1.055102,
8980.158440,1.055160,
8980.194400,1.055660,
8980.204680,1.055718,
9000.100560,1.053887,
9000.110840,1.053944,
9000.146800,1.054443,
9000.157080,1.054501,
9000.229440,1.055400,
9000.312960,1.056307,
9020.061680,1.054281,
9020.107920,1.054778,
9020.118200,1.054835,
9020.154160,1.055333,
9020.164440,1.055390,
9020.203280,1.055919,
9040.100560,1.054096,
9040.110840,1.054153,
9040.146800,1.054650,
9040.157080,1.054707,
9040.217280,1.055469,
9040.292400,1.056281,
9060.045840,1.054176,
9060.100560,1.054669,
9060.110840,1.054726,
9060.146800,1.055222,
9060.157080,1.055279,
9060.234480,1.056227,
9080.034640,1.054059,
9080.100560,1.054550,
9080.110840,1.054607,
9080.146800,1.055102,
9080.157080,1.055159,
9080.218720,1.055933,
9100.095600,1.054097,
9100.141840,1.054589,
9100.152120,1.054646,
9100.188080,1.055140,
9100.198360,1.055196,
9100.290480,1.056300,
9120.095120,1.054473,
9120.141360,1.054964,
9120.151640,1.055021,
9120.187600,1.055513,
9120.197880,1.055570,
9120.259680,1.056343,
9140.100560,1.054545,
9140.110840,1.054602,
9140.146800,1.055093,
9140.157080,1.055149,
9140.197840,1.055693,
9140.296880,1.056754,
9160.050480,1.054696,
9160.100560,1.055185,
9160.110840,1.055241,
9160.146800,1.055732,
9160.157080,1.055788,
9160.232080,1.056700,
9180.077680,1.054784,
9180.123920,1.055272,
9180.134200,1.055328,
9180.170160,1.055817,
9180.180440,1.055874,
9180.249600,1.056721,
9200.100560,1.054933,
9200.110840,1.054989,
9200.146800,1.055477,
9200.157080,1.055533,
9200.228160,1.056399,
9200.321360,1.057391,
9220.095600,1.055587,
9220.141840,1.056073,
9220.152120,1.056129,
9220.188080,1.056616,
9220.198360,1.056672,
9220.240240,1.057223,
9240.100560,1.055440,
9240.110840,1.055496,
9240.146800,1.055982,
9240.157080,1.056038,
9240.194160,1.056536,
9240.273760,1.057378,
9260.100560,1.055603,
9260.110840,1.055659,
9260.146800,1.056144,
9260.157080,1.056200,
9260.206320,1.056827,
9260.285280,1.057660,
9280.069680,1.055727,
9280.115920,1.056209,
9280.126200,1.056265,
9280.162160,1.056749,
9280.172440,1.056805,
9280.264640,1.057888,
9300.065040,1.055932,
9300.111280,1.056413,
9300.121560,1.056469,
9300.157520,1.056952,
9300.167800,1.057007,
9300.239920,1.057875,
9320.081040,1.056004,
9320.127280,1.056484,
9320.137560,1.056540,
9320.173520,1.057022,
9320.183800,1.057077,
9320.225040,1.057615,
9340.100560,1.055849,
9340.110840,1.055904,
9340.146800,1.056385,
9340.157080,1.056440,
9340.212640,1.057129,
9340.282400,1.057858,
9360.035600,1.055762,
9360.100560,1.056238,
9360.110840,1.056293,
9360.146800,1.056773,
9360.157080,1.056828,
9360.227360,1.057671,
9380.100560,1.055913,
9380.110840,1.055968,
9380.146800,1.056447,
9380.157080,1.056502,
9380.208640,1.057145,
9380.287200,1.057963,
9400.100560,1.056215,
9400.110840,1.056270,
9400.146800,1.056748,
9400.157080,1.056803,
9400.207600,1.057434,
9400.286240,1.058251,
9420.030640,1.056143,
9420.100560,1.056615,
9420.110840,1.056670,
9420.146800,1.057147,
9420.157080,1.057202,
9420.250480,1.058282,
9440.086000,1.056461,
9440.132240,1.056935,
9440.142520,1.056990,
9440.178480,1.057466,
9440.188760,1.057520,
9440.238480,1.058140,
9460.083280,1.056308,
9460.129520,1.056781,
9460.139800,1.056836,
9460.175760,1.057311,
9460.186040,1.057365,
9460.226560,1.057888,
9480.100560,1.056147,
9480.110840,1.056202,
9480.146800,1.056676,
9480.157080,1.056730,
9480.212080,1.057403,
9480.281680,1.058119,
9500.059760,1.056178,
9500.106000,1.056649,
9500.116280,1.056704,
9500.152240,1.057176,
9500.162520,1.057231,
9500.223920,1.057968,
9520.100560,1.056235,
9520.110840,1.056289,
9520.146800,1.056761,
9520.157080,1.056815,
9520.199280,1.057352,
9520.268000,1.058056,
9540.100560,1.056331,
9540.110840,1.056385,
9540.146800,1.056856,
9540.157080,1.056910,
9540.198000,1.057432,
9540.284240,1.058316,
9560.065680,1.056418,
9560.111920,1.056886,
9560.122200,1.056940,
9560.158160,1.057410,
9560.168440,1.057464,
9560.217200,1.058066,
9580.100560,1.056343,
9580.110840,1.056397,
9580.146800,1.056866,
9580.157080,1.056920,
9580.208480,1.057548,
9580.286560,1.058344,
9600.100560,1.056631,
9600.110840,1.056685,
9600.146800,1.057153,
9600.157080,1.057207,
9600.228480,1.058040,
9600.320320,1.058976,
9620.084240,1.057187,
9620.130480,1.057652,
9620.140760,1.057706,
9620.176720,1.058173,
9620.187000,1.058226,
9620.232160,1.058788,
9640.100560,1.057075,
9640.110840,1.057129,
9640.146800,1.057595,
9640.157080,1.057648,
9640.202320,1.058209,
9640.277760,1.058974,
9660.063920,1.057084,
9660.110160,1.057547,
9660.120440,1.057601,
9660.156400,1.058066,
9660.166680,1.058119,
9660.204560,1.058604,
9680.045840,1.056619,
9680.100560,1.057081,
9680.110840,1.057134,
9680.146800,1.057598,
9680.157080,1.057651,
9680.214160,1.058331,
9700.100560,1.056628,
9700.110840,1.056682,
9700.146800,1.057144,
9700.157080,1.057198,
9700.234320,1.058082,
9700.327760,1.059025,
9720.040560,1.057034,
9720.079920,1.057390,
9720.126160,1.057850,
9720.136440,1.057904,
9720.172400,1.058366,
9720.182680,1.058419,
9740.100560,1.056719,
9740.110840,1.056772,
9740.146800,1.057233,
9740.157080,1.057286,
9740.228240,1.058105,
9740.310240,1.058928,
9760.100560,1.057245,
9760.110840,1.057298,
9760.146800,1.057758,
9760.157080,1.057811,
9760.205360,1.058396,
9760.274000,1.059082,
9780.089520,1.057342,
9780.135760,1.057800,
9780.146040,1.057853,
9780.182000,1.058312,
9780.192280,1.058365,
9780.283920,1.059388,
9800.053360,1.057472,
9800.088720,1.057819,
9800.134960,1.058276,
9800.145240,1.058329,
9800.181200,1.058787,
9800.191480,1.058840,
9820.074960,1.057027,
9820.121200,1.057483,
9820.131480,1.057535,
9820.167440,1.057993,
9820.177720,1.058045,
9820.215760,1.058523,
9840.081520,1.056750,
9840.127760,1.057205,
9840.138040,1.057258,
9840.174000,1.057714,
9840.184280,1.057766,
9840.258480,1.058607,
9860.029360,1.056583,
9860.100560,1.057034,
9860.110840,1.057087,
9860.146800,1.057542,
9860.157080,1.057595,
9860.199360,1.058113,
9880.100560,1.056440,
9880.110840,1.056493,
9880.146800,1.056947,
9880.157080,1.056999,
9880.199200,1.057516,
9880.294320,1.058458,
9900.100560,1.056798,
9900.110840,1.056850,
9900.146800,1.057304,
9900.157080,1.057356,
9900.210800,1.057987,
9900.310240,1.058971,
9920.098480,1.057305,
9920.144720,1.057756,
9920.155000,1.057808,
9920.190960,1.058261,
9920.201240,1.058313,
9920.249840,1.058892,
9940.100560,1.057233,
9940.110840,1.057285,
9940.146800,1.057736,
9940.157080,1.057789,
9940.208480,1.058394,
9940.301280,1.059308,
9960.099600,1.057652,
9960.145840,1.058102,
9960.156120,1.058154,
9960.192080,1.058604,
9960.202360,1.058656,
9960.269360,1.059416,
9980.084560,1.057686,
9980.129680,1.058123,
9980.175920,1.058572,
9980.186200,1.058624,
9980.222160,1.059074,
9980.232440,1.059126,
