#Type=Line
#Heading=APP1_CBR_Throughput
#XLabel=Time (ms)
#Num_Y=1
#YLabel=Throughput (Mbps)
0,0,
20.215840,0.197865,
40.125360,0.199375,
60.100560,0.199665,
80.100560,0.199749,
100.100560,0.199799,
120.100560,0.199833,
140.118480,0.199831,
160.134480,0.199832,
180.100560,0.199888,
200.100560,0.199899,
220.122320,0.199889,
240.100560,0.199916,
260.100560,0.199923,
280.119280,0.199915,
300.100560,0.199933,
320.122480,0.199923,
340.100560,0.199941,
360.117200,0.199935,
380.120880,0.199936,
400.114800,0.199943,
420.100560,0.199952,
440.120240,0.199945,
460.116080,0.199950,
480.145680,0.199939,
500.113680,0.199955,
520.100560,0.199961,
540.100560,0.199963,
560.100560,0.199964,
580.100560,0.199965,
600.100560,0.199966,
620.100560,0.199968,
640.164240,0.199949,
660.107440,0.199967,
680.100560,0.199970,
700.104560,0.199970,
720.100560,0.199972,
740.133840,0.199964,
760.100560,0.199974,
780.100560,0.199974,
800.141520,0.199965,
820.126480,0.199969,
840.100560,0.199976,
860.100560,0.199977,
880.105040,0.199976,
900.135120,0.199970,
920.110640,0.199976,
940.100560,0.199979,
960.100560,0.199979,
980.134320,0.199973,
1000.100560,0.199980,
1020.100560,0.199980,
1040.100560,0.199981,
1060.100560,0.199981,
1080.100560,0.199981,
1100.100560,0.199982,
1120.100560,0.199982,
1140.100560,0.199982,
1160.100560,0.199983,
1180.100560,0.199983,
1200.100560,0.199983,
1220.117040,0.199981,
1240.100560,0.199984,
1260.100560,0.199984,
1280.100560,0.199984,
1300.100560,0.199985,
1320.100560,0.199985,
1340.137360,0.199980,
1360.124720,0.199982,
1380.100560,0.199985,
1400.100560,0.199986,
1420.141280,0.199980,
1440.123920,0.199983,
1460.100560,0.199986,
1480.100560,0.199986,
1500.143760,0.199981,
1520.100560,0.199987,
1540.126480,0.199984,
1560.186800,0.199976,
1580.141520,0.199982,
1600.135920,0.199983,
1620.133200,0.199984,
1640.100560,0.199988,
1660.100560,0.199988,
1680.100560,0.199988,
1700.100560,0.199988,
1720.100560,0.199988,
1740.100560,0.199988,
1760.100560,0.199989,
1780.100560,0.199989,
1800.100560,0.199989,
1820.100560,0.199989,
1840.141360,0.199985,
1860.100560,0.199989,
1880.128880,0.199986,
1900.100560,0.199989,
1920.100560,0.199990,
1940.145200,0.199985,
1960.109360,0.199989,
1980.102160,0.199990,
2000.144080,0.199986,
2020.154960,0.199985,
2040.100560,0.199990,
2060.100560,0.199990,
2080.100560,0.199990,
2100.100560,0.199990,
2120.160960,0.199985,
2140.100560,0.199991,
2160.100560,0.199991,
2180.100560,0.199991,
2200.103920,0.199991,
2220.100560,0.199991,
2240.100560,0.199991,
2260.112720,0.199990,
2280.100560,0.199991,
2300.168560,0.199985,
2320.152080,0.199987,
2340.128240,0.199989,
2360.171120,0.199985,
2380.100560,0.199992,
2400.103920,0.199991,
2420.100560,0.199992,
2440.100560,0.199992,
2460.144080,0.199988,
2480.100560,0.199992,
2500.131760,0.199989,
2520.100560,0.199992,
2540.129680,0.199990,
2560.100560,0.199992,
2580.140880,0.199989,
2600.100560,0.199992,
2620.102160,0.199992,
2640.130000,0.199990,
2660.100560,0.199992,
2680.100560,0.199992,
2700.100560,0.199993,
2720.108720,0.199992,
2740.115120,0.199992,
2760.100560,0.199993,
2780.100560,0.199993,
2800.100560,0.199993,
2820.100560,0.199993,
2840.189280,0.199987,
2860.144400,0.199990,
2880.100560,0.199993,
2900.138960,0.199990,
2920.109040,0.199993,
2940.100560,0.199993,
2960.100560,0.199993,
2980.100560,0.199993,
3000.100560,0.199993,
3020.142160,0.199991,
3040.100560,0.199993,
3060.142320,0.199991,
3080.142800,0.199991,
3100.128080,0.199992,
3120.105200,0.199993,
3140.113360,0.199993,
3160.103760,0.199993,
3180.147440,0.199991,
3200.125840,0.199992,
3220.144640,0.199991,
3240.100560,0.199994,
3260.100560,0.199994,
3280.100560,0.199994,
3300.100560,0.199994,
3320.100560,0.199994,
3340.138240,0.199992,
3360.143920,0.199991,
3380.100560,0.199994,
3400.107120,0.199994,
3420.100560,0.199994,
3440.109840,0.199994,
3460.145360,0.199992,
3480.145200,0.199992,
3500.100560,0.199994,
3520.100560,0.199994,
3540.103920,0.199994,
3560.134800,0.199992,
3580.143280,0.199992,
3600.100560,0.199994,
3620.100560,0.199994,
3640.100560,0.199994,
3660.100560,0.199995,
3680.146160,0.199992,
3700.134640,0.199993,
3720.100560,0.199995,
3740.141200,0.199992,
3760.134160,0.199993,
3780.100560,0.199995,
3800.100560,0.199995,
3820.121200,0.199994,
3840.104080,0.199995,
3860.136400,0.199993,
3880.122480,0.199994,
3900.100560,0.199995,
3920.100560,0.199995,
3940.100560,0.199995,
3960.100560,0.199995,
3980.100560,0.199995,
4000.100560,0.199995,
4020.100560,0.199995,
4040.100560,0.199995,
4060.100560,0.199995,
4080.100560,0.199995,
4100.100560,0.199995,
4120.100560,0.199995,
4140.100560,0.199995,
4160.100560,0.199995,
4180.100560,0.199995,
4200.116080,0.199994,
4220.100560,0.199995,
4240.136080,0.199994,
4260.134800,0.199994,
4280.145040,0.199993,
4300.100560,0.199995,
4320.100560,0.199995,
4340.121200,0.199994,
4360.100560,0.199995,
4380.145360,0.199993,
4400.100560,0.199995,
4420.155040,0.199993,
4440.108720,0.199995,
4460.100560,0.199995,
4480.100560,0.199996,
4500.108400,0.199995,
4520.140720,0.199994,
4540.100560,0.199996,
4560.100560,0.199996,
4580.128080,0.199994,
4600.100560,0.199996,
4620.144080,0.199994,
4640.100560,0.199996,
4660.100560,0.199996,
4680.100560,0.199996,
4700.100560,0.199996,
4720.145200,0.199994,
4740.100560,0.199996,
4760.140320,0.199994,
4780.121520,0.199995,
4800.108720,0.199995,
4820.123120,0.199995,
4840.100560,0.199996,
4860.100560,0.199996,
4880.139120,0.199994,
4900.160560,0.199993,
4920.100560,0.199996,
4940.100560,0.199996,
4960.114800,0.199995,
4980.100560,0.199996,
5000.100560,0.199996,
5020.120400,0.199995,
5040.100560,0.199996,
5060.116720,0.199995,
5080.113520,0.199996,
5100.100560,0.199996,
5120.105040,0.199996,
5140.133520,0.199995,
5160.100560,0.199996,
5180.124720,0.199995,
5200.148720,0.199994,
5220.100560,0.199996,
5240.106160,0.199996,
5260.160160,0.199994,
5280.100560,0.199996,
5300.100560,0.199996,
5320.113520,0.199996,
5340.100560,0.199996,
5360.100560,0.199996,
5380.100560,0.199996,
5400.105360,0.199996,
5420.103280,0.199996,
5440.164000,0.199994,
5460.100560,0.199996,
5480.158080,0.199994,
5500.100560,0.199996,
5520.100560,0.199996,
5540.100560,0.199996,
5560.138960,0.199995,
5580.123120,0.199996,
5600.126960,0.199995,
5620.100560,0.199996,
5640.137200,0.199995,
5660.100560,0.199996,
5680.107440,0.199996,
5700.135600,0.199995,
5720.171600,0.199994,
5740.145680,0.199995,
5760.129360,0.199996,
5780.100560,0.199997,
5800.100560,0.199997,
5820.125840,0.199996,
5840.132560,0.199995,
5860.136560,0.199995,
5880.100560,0.199997,
5900.100560,0.199997,
5920.135280,0.199995,
5940.100560,0.199997,
5960.135920,0.199995,
5980.100560,0.199997,
6000.100560,0.199997,
6020.100560,0.199997,
6040.135120,0.199996,
6060.129200,0.199996,
6080.100560,0.199997,
6100.100560,0.199997,
6120.125200,0.199996,
6140.100560,0.199997,
6160.100560,0.199997,
6180.132720,0.199996,
6200.100560,0.199997,
6220.137840,0.199996,
6240.100560,0.199997,
6260.100560,0.199997,
6280.135120,0.199996,
6300.100560,0.199997,
6320.100560,0.199997,
6340.128560,0.199996,
6360.106160,0.199997,
6380.100560,0.199997,
6400.140560,0.199996,
6420.100560,0.199997,
6440.143600,0.199996,
6460.128080,0.199996,
6480.100560,0.199997,
6500.119920,0.199996,
6520.118480,0.199996,
6540.182800,0.199994,
6560.121840,0.199996,
6580.100560,0.199997,
6600.100560,0.199997,
6620.100560,0.199997,
6640.121680,0.199996,
6660.100560,0.199997,
6680.100560,0.199997,
6700.100560,0.199997,
6720.153440,0.199995,
6740.100560,0.199997,
6760.100560,0.199997,
6780.133040,0.199996,
6800.100560,0.199997,
6820.100560,0.199997,
6840.113200,0.199997,
6860.140240,0.199996,
6880.100560,0.199997,
6900.100560,0.199997,
6920.100560,0.199997,
6940.100560,0.199997,
6960.104080,0.199997,
6980.140240,0.199996,
7000.100560,0.199997,
7020.184800,0.199995,
7040.146320,0.199996,
7060.100560,0.199997,
7080.136880,0.199996,
7100.100560,0.199997,
7120.100560,0.199997,
7140.117120,0.199997,
7160.100560,0.199997,
7180.100560,0.199997,
7200.108560,0.199997,
7220.109520,0.199997,
7240.100560,0.199997,
7260.129360,0.199996,
7280.100560,0.199997,
7300.127760,0.199996,
7320.100560,0.199997,
7340.100560,0.199997,
7360.113120,0.199997,
7380.100560,0.199997,
7400.100560,0.199997,
7420.100560,0.199997,
7440.114160,0.199997,
7460.132480,0.199996,
7480.102960,0.199997,
7500.137360,0.199996,
7520.138000,0.199996,
7540.100560,0.199997,
7560.100560,0.199997,
7580.100560,0.199997,
7600.100560,0.199997,
7620.100560,0.199997,
7640.100560,0.199997,
7660.107920,0.199997,
7680.100560,0.199997,
7700.133360,0.199997,
7720.100560,0.199997,
7740.141040,0.199996,
7760.100560,0.199997,
7780.100560,0.199997,
7800.100560,0.199997,
7820.100560,0.199997,
7840.100560,0.199997,
7860.100560,0.199997,
7880.163840,0.199996,
7900.100560,0.199997,
7920.127120,0.199997,
7940.100560,0.199997,
7960.165680,0.199996,
7980.154480,0.199996,
8000.100560,0.199997,
8020.137520,0.199997,
8040.100560,0.199997,
8060.105520,0.199997,
8080.100560,0.199998,
8100.100560,0.199998,
8120.100560,0.199998,
8140.100560,0.199998,
8160.132720,0.199997,
8180.143760,0.199996,
8200.100560,0.199998,
8220.100560,0.199998,
8240.100560,0.199998,
8260.134800,0.199997,
8280.138320,0.199997,
8300.160480,0.199996,
8320.122320,0.199997,
8340.102960,0.199998,
8360.100560,0.199998,
8380.100560,0.199998,
8400.140400,0.199997,
8420.119440,0.199997,
8440.115280,0.199997,
8460.144560,0.199997,
8480.100560,0.199998,
8500.118800,0.199997,
8520.100560,0.199998,
8540.100560,0.199998,
8560.100560,0.199998,
8580.100560,0.199998,
8600.100560,0.199998,
8620.115760,0.199997,
8640.100560,0.199998,
8660.123280,0.199997,
8680.100560,0.199998,
8700.100560,0.199998,
8720.100560,0.199998,
8740.133040,0.199997,
8760.100560,0.199998,
8780.100560,0.199998,
8800.100560,0.199998,
8820.100560,0.199998,
8840.100560,0.199998,
8860.100560,0.199998,
8880.100560,0.199998,
8900.100560,0.199998,
8920.100560,0.199998,
8940.121680,0.199997,
8960.115120,0.199997,
8980.148160,0.199997,
9000.100560,0.199998,
9020.107920,0.199998,
9040.100560,0.199998,
9060.100560,0.199998,
9080.100560,0.199998,
9100.141840,0.199997,
9120.141360,0.199997,
9140.100560,0.199998,
9160.100560,0.199998,
9180.123920,0.199997,
9200.100560,0.199998,
9220.141840,0.199997,
9240.100560,0.199998,
9260.100560,0.199998,
9280.115920,0.199998,
9300.111280,0.199998,
9320.127280,0.199997,
9340.100560,0.199998,
9360.100560,0.199998,
9380.100560,0.199998,
9400.100560,0.199998,
9420.100560,0.199998,
9440.132240,0.199997,
9460.129520,0.199997,
9480.100560,0.199998,
9500.106000,0.199998,
9520.100560,0.199998,
9540.100560,0.199998,
9560.111920,0.199998,
9580.100560,0.199998,
9600.100560,0.199998,
9620.130480,0.199997,
9640.100560,0.199998,
9660.110160,0.199998,
9680.100560,0.199998,
9700.100560,0.199998,
9720.126160,0.199997,
9740.100560,0.199998,
9760.100560,0.199998,
9780.135760,0.199997,
9800.134960,0.199997,
9820.121200,0.199998,
9840.127760,0.199997,
9860.100560,0.199998,
9880.100560,0.199998,
9900.100560,0.199998,
9920.144720,0.199997,
9940.100560,0.199998,
9960.145840,0.199997,
9980.175920,0.199996,
